folder,well,prediction,confidence,prob_fail,prob_hom1,prob_hom2,prob_het,raw_IS_spread
OY_GSTA1_N10_070910Run01,A01,hom1,0.43,0.0511,0.4298,0.1581,0.361,1483.0
OY_GSTA1_N10_070910Run01,A02,hom1,0.711,0.0047,0.7112,0.1963,0.0878,1482.0
OY_GSTA1_N10_070910Run01,A03,hom1,0.534,0.0206,0.5341,0.331,0.1142,1501.0
OY_GSTA1_N10_070910Run01,A04,hom1,0.6,0.0297,0.6005,0.2449,0.1249,1489.0
OY_GSTA1_N10_070910Run01,A05,hom1,0.4,0.0107,0.3996,0.255,0.3347,1482.0
OY_GSTA1_N10_070910Run01,A06,fail,0.987,0.987,0.0059,0.0004,0.0067,1490.0
OY_GSTA1_N10_070910Run01,A07,het,0.498,0.0241,0.3345,0.143,0.4984,1486.0
OY_GSTA1_N10_070910Run01,A08,hom1,0.567,0.0001,0.5668,0.253,0.1802,1497.0
OY_GSTA1_N10_070910Run01,A09,hom1,0.69,0.0228,0.69,0.1713,0.116,1474.0
OY_GSTA1_N10_070910Run01,A10,hom1,0.454,0.0343,0.4544,0.219,0.2923,1491.0
OY_GSTA1_N10_070910Run01,A11,hom1,0.342,0.1043,0.3423,0.2891,0.2643,1485.0
OY_GSTA1_N10_070910Run01,A12,hom2,0.426,0.0189,0.3907,0.4262,0.1641,1488.0
OY_GSTA1_N10_070910Run01,B01,het,0.501,0.0627,0.3472,0.0895,0.5005,1499.0
OY_GSTA1_N10_070910Run01,B02,fail,0.983,0.9834,0.0043,0.0,0.0123,1489.0
OY_GSTA1_N10_070910Run01,B03,hom1,0.46,0.0147,0.4598,0.2994,0.2261,1470.0
OY_GSTA1_N10_070910Run01,B04,het,0.439,0.0625,0.3102,0.1884,0.4389,1484.0
OY_GSTA1_N10_070910Run01,B05,hom1,0.437,0.1192,0.4366,0.1125,0.3317,1492.0
OY_GSTA1_N10_070910Run01,B06,hom1,0.52,0.043,0.5197,0.1597,0.2776,1486.0
OY_GSTA1_N10_070910Run01,B07,hom1,0.462,0.0007,0.4621,0.0978,0.4394,1498.0
OY_GSTA1_N10_070910Run01,B08,hom1,0.468,0.0104,0.4676,0.3335,0.1885,1484.0
OY_GSTA1_N10_070910Run01,B09,hom1,0.446,0.1392,0.446,0.1548,0.26,1493.0
OY_GSTA1_N10_070910Run01,B10,hom1,0.471,0.0299,0.4711,0.2498,0.2493,1481.0
OY_GSTA1_N10_070910Run01,B11,hom1,0.352,0.07,0.3523,0.262,0.3157,1495.0
OY_GSTA1_N10_070910Run01,B12,het,0.301,0.1448,0.2565,0.2981,0.3006,1493.0
OY_GSTA1_N10_070910Run01,C01,hom2,0.447,0.0265,0.317,0.4469,0.2097,1490.0
OY_GSTA1_N10_070910Run01,C02,hom2,0.333,0.2065,0.3002,0.3326,0.1606,1490.0
OY_GSTA1_N10_070910Run01,C03,hom2,0.415,0.0405,0.3993,0.4151,0.1451,1481.0
OY_GSTA1_N10_070910Run01,C04,hom1,0.399,0.0576,0.3988,0.3833,0.1604,1488.0
OY_GSTA1_N10_070910Run01,C05,hom1,0.434,0.0861,0.4344,0.2251,0.2544,1484.0
OY_GSTA1_N10_070910Run01,C06,hom1,0.33,0.1534,0.3304,0.2147,0.3015,1490.0
OY_GSTA1_N10_070910Run01,C07,hom1,0.441,0.0248,0.4408,0.1997,0.3347,1479.0
OY_GSTA1_N10_070910Run01,C08,het,0.415,0.0174,0.2958,0.2722,0.4146,1494.0
OY_GSTA1_N10_070910Run01,C09,het,0.693,0.0064,0.2214,0.0792,0.693,1495.0
OY_GSTA1_N10_070910Run01,C10,het,0.701,0.0252,0.1963,0.0777,0.7008,1491.0
OY_GSTA1_N10_070910Run01,C11,hom1,0.505,0.0219,0.5053,0.2714,0.2013,1485.0
OY_GSTA1_N10_070910Run01,C12,het,0.52,0.0695,0.2443,0.1664,0.5198,1490.0
OY_GSTA1_N10_070910Run01,D01,het,0.478,0.0336,0.4049,0.0833,0.4782,1491.0
OY_GSTA1_N10_070910Run01,D02,hom1,0.369,0.085,0.3686,0.2857,0.2607,1492.0
OY_GSTA1_N10_070910Run01,D03,hom1,0.45,0.0185,0.4504,0.3443,0.1868,1472.0
OY_GSTA1_N10_070910Run01,D04,hom2,0.456,0.0073,0.3641,0.456,0.1726,1485.0
OY_GSTA1_N10_070910Run01,D05,hom1,0.471,0.0222,0.4714,0.2164,0.29,1482.0
OY_GSTA1_N10_070910Run01,D06,hom1,0.464,0.0459,0.4641,0.1741,0.3159,1488.0
OY_GSTA1_N10_070910Run01,D07,het,0.597,0.0207,0.2607,0.1214,0.5973,1488.0
OY_GSTA1_N10_070910Run01,D08,hom1,0.407,0.0081,0.4067,0.2446,0.3405,1492.0
OY_GSTA1_N10_070910Run01,D09,hom1,0.427,0.0317,0.4265,0.3554,0.1863,1477.0
OY_GSTA1_N10_070910Run01,D10,hom1,0.408,0.0139,0.4083,0.2707,0.307,1484.0
OY_GSTA1_N10_070910Run01,D11,fail,0.994,0.9938,0.0039,0.0,0.0023,1491.0
OY_GSTA1_N10_070910Run01,D12,hom1,0.388,0.0562,0.3883,0.2502,0.3053,1490.0
OY_GSTA1_N10_070910Run01,E01,het,0.419,0.338,0.1775,0.0652,0.4194,1483.0
OY_GSTA1_N10_070910Run01,E02,hom1,0.463,0.0092,0.4629,0.2739,0.254,1461.0
OY_GSTA1_N10_070910Run01,E03,het,0.431,0.0709,0.3408,0.1572,0.4311,1473.0
OY_GSTA1_N10_070910Run01,E04,het,0.41,0.0218,0.3649,0.2037,0.4095,1477.0
OY_GSTA1_N10_070910Run01,E05,het,0.521,0.0128,0.3555,0.1102,0.5215,1476.0
OY_GSTA1_N10_070910Run01,E06,hom1,0.477,0.0145,0.4771,0.345,0.1634,1484.0
OY_GSTA1_N10_070910Run01,E07,het,0.59,0.0289,0.3099,0.0715,0.5897,1487.0
OY_GSTA1_N10_070910Run01,E08,hom1,0.698,0.0106,0.6983,0.2208,0.0703,1471.0
OY_GSTA1_N10_070910Run01,E09,het,0.467,0.2969,0.1439,0.0927,0.4666,1488.0
OY_GSTA1_N10_070910Run01,E10,het,0.741,0.0091,0.1379,0.1117,0.7413,1485.0
OY_GSTA1_N10_070910Run01,E11,hom1,0.426,0.043,0.4262,0.2825,0.2484,1486.0
OY_GSTA1_N10_070910Run01,E12,het,0.467,0.1211,0.222,0.1895,0.4674,1484.0
OY_GSTA1_N10_070910Run01,F01,het,0.651,0.0297,0.247,0.0723,0.651,1486.0
OY_GSTA1_N10_070910Run01,F02,hom1,0.49,0.0359,0.4905,0.0984,0.3753,1478.0
OY_GSTA1_N10_070910Run01,F03,hom1,0.462,0.0122,0.4616,0.3118,0.2145,1511.0
OY_GSTA1_N10_070910Run01,F04,het,0.459,0.0102,0.3578,0.1728,0.4593,1489.0
OY_GSTA1_N10_070910Run01,F05,het,0.559,0.0188,0.3155,0.1067,0.559,1491.0
OY_GSTA1_N10_070910Run01,F06,het,0.493,0.0723,0.323,0.112,0.4928,1484.0
OY_GSTA1_N10_070910Run01,F07,hom1,0.43,0.0129,0.4298,0.3965,0.1608,1495.0
OY_GSTA1_N10_070910Run01,F08,het,0.407,0.0102,0.3281,0.2545,0.4071,1489.0
OY_GSTA1_N10_070910Run01,F09,het,0.442,0.3246,0.176,0.0574,0.4419,1491.0
OY_GSTA1_N10_070910Run01,F10,het,0.407,0.0414,0.3986,0.1535,0.4065,1481.0
OY_GSTA1_N10_070910Run01,F11,het,0.621,0.071,0.1764,0.1312,0.6214,1478.0
OY_GSTA1_N10_070910Run01,F12,het,0.584,0.0716,0.2311,0.1129,0.5844,1486.0
OY_GSTA1_N10_070910Run01,G01,het,0.394,0.3933,0.1731,0.0397,0.3939,1485.0
OY_GSTA1_N10_070910Run01,G02,fail,0.495,0.4952,0.1391,0.0433,0.3223,1491.0
OY_GSTA1_N10_070910Run01,G03,het,0.473,0.1749,0.2381,0.1143,0.4727,1492.0
OY_GSTA1_N10_070910Run01,G04,hom1,0.401,0.0437,0.4006,0.2804,0.2752,1457.0
OY_GSTA1_N10_070910Run01,G05,het,0.606,0.1533,0.1755,0.0651,0.6062,1465.0
OY_GSTA1_N10_070910Run01,G06,hom1,0.464,0.0,0.4636,0.1863,0.3501,1513.0
OY_GSTA1_N10_070910Run01,G07,hom1,0.419,0.0544,0.4191,0.2432,0.2833,1494.0
OY_GSTA1_N10_070910Run01,G08,het,0.39,0.0022,0.37,0.2379,0.3899,1489.0
OY_GSTA1_N10_070910Run01,G09,het,0.522,0.0122,0.3745,0.0916,0.5218,1486.0
OY_GSTA1_N10_070910Run01,G10,het,0.492,0.0991,0.2698,0.1388,0.4923,1488.0
OY_GSTA1_N10_070910Run01,G11,het,0.759,0.0152,0.1495,0.0759,0.7594,1494.0
OY_GSTA1_N10_070910Run01,G12,het,0.432,0.0156,0.3335,0.2192,0.4316,1483.0
OY_GSTA1_N10_070910Run01,H01,hom1,0.471,0.0205,0.4713,0.2465,0.2617,1481.0
OY_GSTA1_N10_070910Run01,H02,het,0.558,0.1045,0.2533,0.0838,0.5584,1487.0
OY_GSTA1_N10_070910Run01,H03,hom1,0.517,0.0318,0.517,0.2263,0.2249,1497.0
OY_GSTA1_N10_070910Run01,H04,hom2,0.427,0.0153,0.4156,0.4275,0.1416,1494.0
OY_GSTA1_N10_070910Run01,H05,het,0.466,0.0289,0.3468,0.1584,0.4659,1472.0
OY_GSTA1_N10_070910Run01,H06,hom1,0.483,0.0096,0.483,0.1666,0.3409,1492.0
OY_GSTA1_N10_070910Run01,H07,hom1,0.745,0.0129,0.7452,0.1683,0.0736,1501.0
OY_GSTA1_N10_070910Run01,H08,hom1,0.752,0.0049,0.7519,0.1813,0.0618,1486.0
OY_GSTA1_N10_070910Run01,H09,hom1,0.503,0.0154,0.503,0.2562,0.2254,1485.0
OY_GSTA1_N10_070910Run01,H10,het,0.556,0.0,0.318,0.1258,0.5562,1507.0
OY_GSTA1_N10_070910Run01,H11,het,0.569,0.0017,0.2381,0.1914,0.5688,1490.0
OY_GSTA1_N10_070910Run01,H12,hom1,0.541,0.0434,0.5407,0.2378,0.1781,1486.0
OY_GSTA1_N11_070910Run01,A01,het,0.385,0.3776,0.1908,0.0467,0.3849,1482.0
OY_GSTA1_N11_070910Run01,A02,hom2,0.418,0.012,0.3551,0.4179,0.2151,1484.0
OY_GSTA1_N11_070910Run01,A03,hom1,0.505,0.0193,0.5054,0.3114,0.1639,1502.0
OY_GSTA1_N11_070910Run01,A04,hom1,0.386,0.0406,0.3859,0.3704,0.203,1480.0
OY_GSTA1_N11_070910Run01,A05,hom1,0.438,0.0244,0.4382,0.2959,0.2415,1477.0
OY_GSTA1_N11_070910Run01,A06,fail,0.996,0.9962,0.0017,0.0004,0.0017,1492.0
OY_GSTA1_N11_070910Run01,A07,hom1,0.446,0.0067,0.4455,0.2012,0.3466,1488.0
OY_GSTA1_N11_070910Run01,A08,hom1,0.565,0.0116,0.5647,0.3116,0.1122,1489.0
OY_GSTA1_N11_070910Run01,A09,hom1,0.552,0.01,0.5521,0.2676,0.1703,1493.0
OY_GSTA1_N11_070910Run01,A10,hom1,0.435,0.0236,0.4346,0.42,0.1218,1485.0
OY_GSTA1_N11_070910Run01,A11,hom1,0.458,0.0269,0.4576,0.374,0.1415,1493.0
OY_GSTA1_N11_070910Run01,A12,hom1,0.43,0.0472,0.43,0.3245,0.1984,1473.0
OY_GSTA1_N11_070910Run01,B01,het,0.574,0.0375,0.3332,0.055,0.5743,1484.0
OY_GSTA1_N11_070910Run01,B02,fail,0.99,0.9901,0.0029,0.0004,0.0066,1490.0
OY_GSTA1_N11_070910Run01,B03,hom1,0.458,0.0,0.4583,0.3717,0.17,1492.0
OY_GSTA1_N11_070910Run01,B04,hom1,0.435,0.0214,0.4348,0.1912,0.3526,1469.0
OY_GSTA1_N11_070910Run01,B05,hom1,0.518,0.0268,0.5178,0.1632,0.2922,1491.0
OY_GSTA1_N11_070910Run01,B07,het,0.581,0.0038,0.3564,0.0593,0.5805,1488.0
OY_GSTA1_N11_070910Run01,B08,het,0.464,0.005,0.3626,0.1689,0.4636,1500.0
OY_GSTA1_N11_070910Run01,B09,het,0.408,0.0561,0.4043,0.1316,0.4081,1505.0
OY_GSTA1_N11_070910Run01,B10,hom1,0.455,0.0214,0.4546,0.3818,0.1423,1495.0
OY_GSTA1_N11_070910Run01,B11,hom1,0.459,0.0399,0.4586,0.3651,0.1364,1488.0
OY_GSTA1_N11_070910Run01,B12,hom2,0.38,0.1053,0.2949,0.38,0.2198,1485.0
OY_GSTA1_N11_070910Run01,C01,hom1,0.395,0.032,0.3945,0.2089,0.3645,1487.0
OY_GSTA1_N11_070910Run01,C02,het,0.316,0.2294,0.2613,0.1932,0.3161,1487.0
OY_GSTA1_N11_070910Run01,C03,het,0.498,0.1379,0.2737,0.0902,0.4983,1488.0
OY_GSTA1_N11_070910Run01,C04,hom1,0.392,0.041,0.3922,0.3276,0.2391,1483.0
OY_GSTA1_N11_070910Run01,C05,hom1,0.486,0.116,0.486,0.1789,0.2191,1486.0
OY_GSTA1_N11_070910Run01,C06,het,0.383,0.187,0.2852,0.145,0.3828,1490.0
OY_GSTA1_N11_070910Run01,C07,hom1,0.45,0.0714,0.4499,0.286,0.1927,1489.0
OY_GSTA1_N11_070910Run01,C08,het,0.607,0.0776,0.1944,0.1215,0.6066,1500.0
OY_GSTA1_N11_070910Run01,C09,het,0.574,0.0457,0.2863,0.094,0.574,1481.0
OY_GSTA1_N11_070910Run01,C10,het,0.568,0.0109,0.2551,0.1659,0.5681,1481.0
OY_GSTA1_N11_070910Run01,C11,hom1,0.423,0.021,0.4229,0.3716,0.1845,1485.0
OY_GSTA1_N11_070910Run01,C12,het,0.473,0.0851,0.2686,0.1731,0.4732,1489.0
OY_GSTA1_N11_070910Run01,D01,het,0.553,0.0325,0.3531,0.0616,0.5528,1489.0
OY_GSTA1_N11_070910Run01,D02,hom1,0.381,0.1232,0.3814,0.2245,0.2709,1499.0
OY_GSTA1_N11_070910Run01,D03,hom1,0.407,0.027,0.4067,0.3892,0.1771,1483.0
OY_GSTA1_N11_070910Run01,D04,hom2,0.475,0.0022,0.3013,0.475,0.2214,1495.0
OY_GSTA1_N11_070910Run01,D05,het,0.417,0.0384,0.3632,0.1813,0.4171,1481.0
OY_GSTA1_N11_070910Run01,D06,het,0.417,0.0871,0.3816,0.1142,0.4172,1489.0
OY_GSTA1_N11_070910Run01,D07,het,0.659,0.0429,0.2265,0.0713,0.6593,1492.0
OY_GSTA1_N11_070910Run01,D08,het,0.664,0.0076,0.2388,0.0895,0.6641,1500.0
OY_GSTA1_N11_070910Run01,D09,het,0.439,0.0722,0.3703,0.1183,0.4392,1482.0
OY_GSTA1_N11_070910Run01,D10,hom1,0.597,0.0096,0.5965,0.2792,0.1146,1482.0
OY_GSTA1_N11_070910Run01,D11,fail,0.994,0.9937,0.0024,0.0,0.0038,1491.0
OY_GSTA1_N11_070910Run01,D12,hom1,0.347,0.0583,0.3465,0.2926,0.3026,1479.0
OY_GSTA1_N11_070910Run01,E01,het,0.471,0.1839,0.2462,0.0991,0.4707,1505.0
OY_GSTA1_N11_070910Run01,E02,hom1,0.57,0.0471,0.5704,0.2518,0.1307,1478.0
OY_GSTA1_N11_070910Run01,E03,hom1,0.484,0.0106,0.4839,0.239,0.2666,1489.0
OY_GSTA1_N11_070910Run01,E04,hom1,0.535,0.0258,0.5349,0.2752,0.164,1491.0
OY_GSTA1_N11_070910Run01,E05,het,0.663,0.0168,0.2408,0.0798,0.6626,1481.0
OY_GSTA1_N11_070910Run01,E06,hom1,0.491,0.0083,0.4913,0.1732,0.3273,1502.0
OY_GSTA1_N11_070910Run01,E07,het,0.566,0.0044,0.3412,0.0889,0.5655,1482.0
OY_GSTA1_N11_070910Run01,E08,hom1,0.404,0.0058,0.4036,0.2399,0.3507,1485.0
OY_GSTA1_N11_070910Run01,E09,hom1,0.51,0.0053,0.51,0.3317,0.1529,1489.0
OY_GSTA1_N11_070910Run01,E10,het,0.716,0.0145,0.1539,0.116,0.7156,1488.0
OY_GSTA1_N11_070910Run01,E11,hom1,0.409,0.0239,0.4091,0.3125,0.2546,1480.0
OY_GSTA1_N11_070910Run01,E12,hom1,0.394,0.0539,0.3943,0.3433,0.2085,1489.0
OY_GSTA1_N11_070910Run01,F01,het,0.778,0.0197,0.1583,0.0439,0.7781,1491.0
OY_GSTA1_N11_070910Run01,F02,het,0.518,0.0276,0.355,0.0991,0.5183,1482.0
OY_GSTA1_N11_070910Run01,F03,hom1,0.564,0.0022,0.5637,0.2853,0.1488,1492.0
OY_GSTA1_N11_070910Run01,F04,het,0.412,0.0208,0.3312,0.2363,0.4117,1474.0
OY_GSTA1_N11_070910Run01,F05,het,0.522,0.1634,0.251,0.0639,0.5217,1497.0
OY_GSTA1_N11_070910Run01,F06,het,0.516,0.1812,0.1991,0.1039,0.5158,1485.0
OY_GSTA1_N11_070910Run01,F07,het,0.603,0.0905,0.2193,0.087,0.6033,1477.0
OY_GSTA1_N11_070910Run01,F08,het,0.729,0.0404,0.1426,0.0881,0.7289,1486.0
OY_GSTA1_N11_070910Run01,F09,het,0.567,0.0147,0.2431,0.1754,0.5668,1493.0
OY_GSTA1_N11_070910Run01,F10,het,0.522,0.1544,0.2183,0.1053,0.522,1491.0
OY_GSTA1_N11_070910Run01,F11,hom1,0.402,0.0132,0.4025,0.2093,0.3751,1483.0
OY_GSTA1_N11_070910Run01,F12,hom2,0.411,0.1101,0.2929,0.4112,0.1858,1485.0
OY_GSTA1_N11_070910Run01,G01,hom1,0.402,0.0501,0.4022,0.2442,0.3035,1470.0
OY_GSTA1_N11_070910Run01,G02,het,0.651,0.0316,0.2238,0.094,0.6506,1486.0
OY_GSTA1_N11_070910Run01,G03,het,0.422,0.0019,0.4096,0.1667,0.4219,1486.0
OY_GSTA1_N11_070910Run01,G04,hom1,0.386,0.0425,0.3861,0.362,0.2094,1483.0
OY_GSTA1_N11_070910Run01,G05,het,0.446,0.0169,0.4219,0.115,0.4462,1474.0
OY_GSTA1_N11_070910Run01,G06,hom1,0.482,0.009,0.4825,0.201,0.3075,1487.0
OY_GSTA1_N11_070910Run01,G07,het,0.669,0.0307,0.2183,0.0823,0.6687,1479.0
OY_GSTA1_N11_070910Run01,G08,hom1,0.472,0.0073,0.4717,0.2706,0.2504,1470.0
OY_GSTA1_N11_070910Run01,G09,hom1,0.581,0.0092,0.5805,0.2064,0.2038,1500.0
OY_GSTA1_N11_070910Run01,G10,het,0.511,0.057,0.2616,0.1704,0.5109,1486.0
OY_GSTA1_N11_070910Run01,G11,hom1,0.538,0.0256,0.5375,0.2916,0.1452,1494.0
OY_GSTA1_N11_070910Run01,G12,het,0.397,0.0287,0.3273,0.2468,0.3972,1487.0
OY_GSTA1_N11_070910Run01,H01,fail,0.628,0.6279,0.1282,0.0581,0.1859,1485.0
OY_GSTA1_N11_070910Run01,H02,het,0.611,0.0339,0.2352,0.1201,0.6108,1479.0
OY_GSTA1_N11_070910Run01,H03,hom1,0.518,0.0317,0.5183,0.2517,0.1983,1492.0
OY_GSTA1_N11_070910Run01,H04,het,0.473,0.1611,0.2068,0.1587,0.4734,1484.0
OY_GSTA1_N11_070910Run01,H05,het,0.572,0.003,0.3002,0.1251,0.5717,1496.0
OY_GSTA1_N11_070910Run01,H06,het,0.417,0.0044,0.3928,0.1858,0.4169,1494.0
OY_GSTA1_N11_070910Run01,H07,hom1,0.465,0.0174,0.465,0.2052,0.3125,1474.0
OY_GSTA1_N11_070910Run01,H08,hom1,0.48,0.0539,0.4802,0.1637,0.3021,1493.0
OY_GSTA1_N11_070910Run01,H09,hom1,0.459,0.0447,0.4588,0.2158,0.2807,1471.0
OY_GSTA1_N11_070910Run01,H10,hom1,0.458,0.0071,0.4584,0.2933,0.2413,1514.0
OY_GSTA1_N11_070910Run01,H11,hom1,0.509,0.0259,0.5086,0.2989,0.1666,1492.0
OY_GSTA1_N11_070910Run01,H12,hom1,0.553,0.0365,0.5533,0.2616,0.1487,1468.0
OY_GSTA1_N1_060910Run01,G10,FAIL,0.0,1.0,0.0,0.0,0.0,
OY_GSTA1_N1_060910Run01,A01,hom1,0.698,0.0048,0.6984,0.1849,0.1119,1489.0
OY_GSTA1_N1_060910Run01,A02,hom1,0.767,0.0549,0.7668,0.1147,0.0635,1482.0
OY_GSTA1_N1_060910Run01,A03,hom1,0.74,0.012,0.7404,0.1451,0.1024,1491.0
OY_GSTA1_N1_060910Run01,A04,hom2,0.573,0.0084,0.2781,0.5732,0.1403,1507.0
OY_GSTA1_N1_060910Run01,A05,het,0.641,0.0095,0.228,0.1212,0.6413,1484.0
OY_GSTA1_N1_060910Run01,A06,fail,1.0,0.9996,0.0,0.0,0.0004,1487.0
OY_GSTA1_N1_060910Run01,A07,hom1,0.776,0.0065,0.7755,0.1381,0.0799,1482.0
OY_GSTA1_N1_060910Run01,A08,hom1,0.807,0.0038,0.807,0.1269,0.0623,1488.0
OY_GSTA1_N1_060910Run01,A09,hom1,0.518,0.01,0.5179,0.1999,0.2722,1489.0
OY_GSTA1_N1_060910Run01,A10,het,0.51,0.012,0.2946,0.1833,0.5101,1491.0
OY_GSTA1_N1_060910Run01,A11,hom1,0.411,0.0377,0.4109,0.2665,0.2849,1493.0
OY_GSTA1_N1_060910Run01,A12,hom2,0.736,0.0138,0.1576,0.7359,0.0927,1487.0
OY_GSTA1_N1_060910Run01,B01,hom1,0.721,0.0167,0.7215,0.1318,0.13,1474.0
OY_GSTA1_N1_060910Run01,B02,fail,0.967,0.9666,0.0088,0.0082,0.0163,1487.0
OY_GSTA1_N1_060910Run01,B03,hom2,0.543,0.0313,0.2696,0.5432,0.1559,1489.0
OY_GSTA1_N1_060910Run01,B04,hom2,0.585,0.0054,0.2277,0.5851,0.1818,1492.0
OY_GSTA1_N1_060910Run01,B05,het,0.835,0.016,0.0695,0.0793,0.8352,1497.0
OY_GSTA1_N1_060910Run01,B06,hom2,0.547,0.0157,0.2377,0.547,0.1995,1489.0
OY_GSTA1_N1_060910Run01,B07,het,0.585,0.0059,0.3008,0.1084,0.5848,1477.0
OY_GSTA1_N1_060910Run01,B08,het,0.735,0.0516,0.153,0.0601,0.7353,1505.0
OY_GSTA1_N1_060910Run01,B09,hom1,0.82,0.0076,0.8205,0.1094,0.0625,1494.0
OY_GSTA1_N1_060910Run01,B10,hom1,0.527,0.013,0.5265,0.3628,0.0977,1487.0
OY_GSTA1_N1_060910Run01,B11,hom1,0.723,0.0003,0.7226,0.1894,0.0877,1501.0
OY_GSTA1_N1_060910Run01,B12,hom2,0.48,0.1275,0.1973,0.4796,0.1955,1491.0
OY_GSTA1_N1_060910Run01,C01,het,0.62,0.0272,0.2452,0.1077,0.6199,1466.0
OY_GSTA1_N1_060910Run01,C02,hom1,0.76,0.0089,0.7599,0.1344,0.0967,1484.0
OY_GSTA1_N1_060910Run01,C03,het,0.801,0.0157,0.1385,0.0445,0.8013,1491.0
OY_GSTA1_N1_060910Run01,C04,het,0.805,0.0039,0.1287,0.062,0.8053,1491.0
OY_GSTA1_N1_060910Run01,C05,hom1,0.669,0.002,0.6689,0.199,0.1302,1486.0
OY_GSTA1_N1_060910Run01,C06,het,0.681,0.0037,0.233,0.0819,0.6813,1484.0
OY_GSTA1_N1_060910Run01,C07,het,0.561,0.075,0.2247,0.1394,0.5608,1485.0
OY_GSTA1_N1_060910Run01,C08,het,0.54,0.088,0.2174,0.1542,0.5404,1484.0
OY_GSTA1_N1_060910Run01,C09,hom2,0.642,0.0036,0.17,0.6419,0.1845,1491.0
OY_GSTA1_N1_060910Run01,C10,hom1,0.533,0.0025,0.5327,0.1332,0.3316,1497.0
OY_GSTA1_N1_060910Run01,C11,het,0.509,0.0162,0.2993,0.1754,0.5091,1474.0
OY_GSTA1_N1_060910Run01,C12,het,0.487,0.2553,0.1661,0.0911,0.4875,1489.0
OY_GSTA1_N1_060910Run01,D01,het,0.813,0.0042,0.1588,0.0242,0.8127,1493.0
OY_GSTA1_N1_060910Run01,D02,het,0.702,0.0379,0.1461,0.1143,0.7017,1484.0
OY_GSTA1_N1_060910Run01,D03,het,0.658,0.0559,0.1685,0.1177,0.6579,1490.0
OY_GSTA1_N1_060910Run01,D04,hom2,0.75,0.0053,0.1872,0.7498,0.0576,1487.0
OY_GSTA1_N1_060910Run01,D05,hom1,0.645,0.0283,0.6446,0.1889,0.1381,1487.0
OY_GSTA1_N1_060910Run01,D06,hom1,0.595,0.0054,0.5952,0.1836,0.2158,1489.0
OY_GSTA1_N1_060910Run01,D07,het,0.452,0.0368,0.2593,0.2521,0.4518,1499.0
OY_GSTA1_N1_060910Run01,D08,het,0.58,0.0084,0.3005,0.1108,0.5803,1483.0
OY_GSTA1_N1_060910Run01,D09,hom1,0.359,0.0085,0.3591,0.2907,0.3418,1501.0
OY_GSTA1_N1_060910Run01,D10,hom1,0.451,0.0025,0.451,0.2129,0.3336,1489.0
OY_GSTA1_N1_060910Run01,D11,fail,0.985,0.9851,0.0042,0.0009,0.0098,1490.0
OY_GSTA1_N1_060910Run01,D12,het,0.667,0.0056,0.224,0.1033,0.6671,1487.0
OY_GSTA1_N1_060910Run01,E01,fail,0.999,0.9985,0.0015,0.0,0.0,1484.0
OY_GSTA1_N1_060910Run01,E02,het,0.617,0.0012,0.278,0.1036,0.6172,1489.0
OY_GSTA1_N1_060910Run01,E03,het,0.569,0.0637,0.2024,0.1645,0.5694,1488.0
OY_GSTA1_N1_060910Run01,E04,hom1,0.619,0.006,0.6188,0.22,0.1552,1494.0
OY_GSTA1_N1_060910Run01,E05,hom1,0.569,0.0044,0.5691,0.1855,0.241,1492.0
OY_GSTA1_N1_060910Run01,E06,hom1,0.64,0.0156,0.6398,0.0696,0.275,1490.0
OY_GSTA1_N1_060910Run01,E07,hom1,0.435,0.0189,0.4353,0.24,0.3059,1494.0
OY_GSTA1_N1_060910Run01,E08,hom1,0.621,0.0097,0.6211,0.1573,0.212,1491.0
OY_GSTA1_N1_060910Run01,E09,hom1,0.651,0.0153,0.6508,0.1932,0.1407,1488.0
OY_GSTA1_N1_060910Run01,E10,hom1,0.589,0.0051,0.5892,0.1327,0.273,1476.0
OY_GSTA1_N1_060910Run01,E11,hom1,0.533,0.0048,0.5332,0.2647,0.1973,1492.0
OY_GSTA1_N1_060910Run01,E12,het,0.54,0.1749,0.1742,0.1114,0.5395,1481.0
OY_GSTA1_N1_060910Run01,F01,het,0.847,0.0,0.1107,0.0423,0.847,1506.0
OY_GSTA1_N1_060910Run01,F02,het,0.773,0.021,0.1272,0.0785,0.7732,1500.0
OY_GSTA1_N1_060910Run01,F03,fail,0.998,0.998,0.0017,0.0,0.0002,1488.0
OY_GSTA1_N1_060910Run01,F04,hom1,0.603,0.0149,0.6031,0.1758,0.2062,1492.0
OY_GSTA1_N1_060910Run01,F05,hom1,0.634,0.0024,0.6343,0.2416,0.1216,1479.0
OY_GSTA1_N1_060910Run01,F06,hom1,0.516,0.0274,0.5157,0.147,0.3099,1486.0
OY_GSTA1_N1_060910Run01,F07,hom1,0.599,0.0217,0.5992,0.2561,0.123,1486.0
OY_GSTA1_N1_060910Run01,F08,fail,0.999,0.999,0.0003,0.0,0.0006,1496.0
OY_GSTA1_N1_060910Run01,F09,het,0.647,0.0143,0.2351,0.1038,0.6468,1501.0
OY_GSTA1_N1_060910Run01,F10,het,0.56,0.008,0.3046,0.1273,0.5601,1493.0
OY_GSTA1_N1_060910Run01,F11,het,0.759,0.0031,0.1263,0.1111,0.7594,1493.0
OY_GSTA1_N1_060910Run01,F12,hom1,0.333,0.2576,0.3331,0.0919,0.3174,1489.0
OY_GSTA1_N1_060910Run01,G01,fail,0.998,0.9982,0.0018,0.0,0.0,1490.0
OY_GSTA1_N1_060910Run01,G02,het,0.664,0.006,0.2435,0.0864,0.6641,1482.0
OY_GSTA1_N1_060910Run01,G03,het,0.728,0.0561,0.1394,0.0768,0.7278,1498.0
OY_GSTA1_N1_060910Run01,G04,hom1,0.592,0.0268,0.5925,0.1061,0.2746,1491.0
OY_GSTA1_N1_060910Run01,G05,hom1,0.671,0.0105,0.671,0.2381,0.0803,1476.0
OY_GSTA1_N1_060910Run01,G06,hom1,0.659,0.0193,0.6587,0.1433,0.1787,1493.0
OY_GSTA1_N1_060910Run01,G07,het,0.534,0.07,0.1814,0.2149,0.5337,1491.0
OY_GSTA1_N1_060910Run01,G08,het,0.612,0.035,0.2249,0.1278,0.6123,1487.0
OY_GSTA1_N1_060910Run01,G09,hom1,0.476,0.0017,0.4761,0.1893,0.3329,1491.0
OY_GSTA1_N1_060910Run01,G11,het,0.599,0.013,0.2991,0.0891,0.5988,1482.0
OY_GSTA1_N1_060910Run01,G12,fail,0.999,0.9985,0.0004,0.0,0.0011,1488.0
OY_GSTA1_N1_060910Run01,H01,het,0.388,0.006,0.3378,0.2679,0.3883,1489.0
OY_GSTA1_N1_060910Run01,H02,het,0.795,0.014,0.1308,0.0602,0.795,1489.0
OY_GSTA1_N1_060910Run01,H03,het,0.602,0.0156,0.2283,0.1538,0.6023,1495.0
OY_GSTA1_N1_060910Run01,H04,hom2,0.364,0.1832,0.264,0.3645,0.1883,1480.0
OY_GSTA1_N1_060910Run01,H05,het,0.544,0.0223,0.2797,0.1542,0.5438,1485.0
OY_GSTA1_N1_060910Run01,H06,het,0.462,0.1846,0.2274,0.1256,0.4625,1498.0
OY_GSTA1_N1_060910Run01,H07,het,0.741,0.0283,0.1645,0.0664,0.7408,1485.0
OY_GSTA1_N1_060910Run01,H08,hom1,0.611,0.0069,0.611,0.1492,0.2329,1495.0
OY_GSTA1_N1_060910Run01,H09,het,0.827,0.0108,0.1101,0.0523,0.8268,1489.0
OY_GSTA1_N1_060910Run01,H10,hom2,0.501,0.0179,0.296,0.5006,0.1855,1489.0
OY_GSTA1_N1_060910Run01,H11,hom2,0.497,0.0265,0.2063,0.4973,0.2699,1481.0
OY_GSTA1_N1_060910Run01,H12,hom2,0.558,0.0128,0.2195,0.5576,0.2102,1490.0
OY_GSTA1_N2_060910Run01,A01,hom1,0.46,0.0173,0.4604,0.1309,0.3913,1484.0
OY_GSTA1_N2_060910Run01,A02,hom1,0.371,0.0199,0.3707,0.2945,0.3149,1493.0
OY_GSTA1_N2_060910Run01,A03,het,0.601,0.0097,0.2206,0.1689,0.6008,1490.0
OY_GSTA1_N2_060910Run01,A04,het,0.418,0.0107,0.414,0.1576,0.4178,1484.0
OY_GSTA1_N2_060910Run01,A05,hom1,0.465,0.0022,0.4649,0.2506,0.2823,1481.0
OY_GSTA1_N2_060910Run01,A06,fail,0.937,0.9369,0.013,0.0201,0.0301,1487.0
OY_GSTA1_N2_060910Run01,A07,hom1,0.536,0.0214,0.5362,0.3137,0.1287,1490.0
OY_GSTA1_N2_060910Run01,A08,hom1,0.456,0.0227,0.456,0.2652,0.2561,1489.0
OY_GSTA1_N2_060910Run01,A09,hom1,0.736,0.0053,0.7359,0.1524,0.1064,1488.0
OY_GSTA1_N2_060910Run01,A10,het,0.564,0.0097,0.2185,0.208,0.5638,1485.0
OY_GSTA1_N2_060910Run01,A11,fail,0.929,0.9291,0.0188,0.0291,0.023,1486.0
OY_GSTA1_N2_060910Run01,A12,hom1,0.477,0.0481,0.4768,0.3621,0.1131,1490.0
OY_GSTA1_N2_060910Run01,B01,het,0.758,0.0168,0.1894,0.0361,0.7577,1475.0
OY_GSTA1_N2_060910Run01,B02,fail,0.93,0.9302,0.0236,0.0218,0.0243,1491.0
OY_GSTA1_N2_060910Run01,B03,hom1,0.434,0.026,0.4341,0.3439,0.1959,1490.0
OY_GSTA1_N2_060910Run01,B04,hom1,0.715,0.0037,0.7154,0.199,0.0819,1503.0
OY_GSTA1_N2_060910Run01,B05,hom1,0.576,0.0022,0.5762,0.3264,0.0952,1495.0
OY_GSTA1_N2_060910Run01,B06,hom1,0.582,0.004,0.582,0.3192,0.0948,1489.0
OY_GSTA1_N2_060910Run01,B07,hom1,0.448,0.0289,0.4485,0.3075,0.2152,1496.0
OY_GSTA1_N2_060910Run01,B08,hom1,0.574,0.0053,0.5737,0.323,0.0979,1490.0
OY_GSTA1_N2_060910Run01,B09,hom1,0.492,0.0144,0.4923,0.1539,0.3394,1491.0
OY_GSTA1_N2_060910Run01,B10,hom1,0.561,0.0086,0.5609,0.2164,0.2141,1475.0
OY_GSTA1_N2_060910Run01,B11,hom2,0.405,0.0434,0.3628,0.4046,0.1893,1486.0
OY_GSTA1_N2_060910Run01,B12,hom1,0.393,0.0879,0.3925,0.3132,0.2063,1492.0
OY_GSTA1_N2_060910Run01,C01,het,0.732,0.0059,0.1974,0.0645,0.7322,1486.0
OY_GSTA1_N2_060910Run01,C02,hom1,0.343,0.1784,0.3428,0.2528,0.226,1494.0
OY_GSTA1_N2_060910Run01,C03,hom2,0.395,0.0482,0.3902,0.395,0.1666,1491.0
OY_GSTA1_N2_060910Run01,C04,het,0.379,0.0538,0.3789,0.1878,0.3795,1486.0
OY_GSTA1_N2_060910Run01,C05,hom1,0.493,0.0249,0.4925,0.3253,0.1574,1489.0
OY_GSTA1_N2_060910Run01,C06,het,0.352,0.1949,0.3249,0.1285,0.3516,1490.0
OY_GSTA1_N2_060910Run01,C07,hom1,0.428,0.006,0.4282,0.3653,0.2004,1489.0
OY_GSTA1_N2_060910Run01,C08,het,0.657,0.025,0.2221,0.0955,0.6574,1472.0
OY_GSTA1_N2_060910Run01,C09,hom1,0.382,0.113,0.3824,0.3346,0.17,1493.0
OY_GSTA1_N2_060910Run01,C10,hom1,0.394,0.0048,0.3945,0.2583,0.3424,1487.0
OY_GSTA1_N2_060910Run01,C11,fail,0.933,0.9329,0.0167,0.0195,0.0309,1485.0
OY_GSTA1_N2_060910Run01,C12,hom2,0.459,0.1143,0.2942,0.4586,0.1328,1483.0
OY_GSTA1_N2_060910Run01,D01,hom1,0.494,0.0096,0.4941,0.2264,0.2699,1485.0
OY_GSTA1_N2_060910Run01,D02,hom1,0.374,0.049,0.3742,0.2543,0.3225,1486.0
OY_GSTA1_N2_060910Run01,D03,het,0.317,0.2949,0.2657,0.1222,0.3173,1489.0
OY_GSTA1_N2_060910Run01,D04,hom1,0.41,0.1582,0.4096,0.277,0.1551,1482.0
OY_GSTA1_N2_060910Run01,D05,hom1,0.442,0.0224,0.4421,0.3921,0.1434,1487.0
OY_GSTA1_N2_060910Run01,D06,het,0.666,0.0075,0.2388,0.0881,0.6657,1489.0
OY_GSTA1_N2_060910Run01,D07,hom1,0.595,0.0037,0.5954,0.2359,0.165,1499.0
OY_GSTA1_N2_060910Run01,D08,het,0.472,0.013,0.3938,0.1217,0.4715,1507.0
OY_GSTA1_N2_060910Run01,D09,hom1,0.414,0.0197,0.4139,0.3535,0.2129,1484.0
OY_GSTA1_N2_060910Run01,D10,fail,0.925,0.925,0.0206,0.0265,0.0279,1486.0
OY_GSTA1_N2_060910Run01,D11,fail,0.928,0.9282,0.0247,0.0223,0.0248,1492.0
OY_GSTA1_N2_060910Run01,D12,het,0.455,0.0458,0.344,0.1555,0.4547,1498.0
OY_GSTA1_N2_060910Run01,E01,hom1,0.39,0.13,0.3903,0.2125,0.2672,1482.0
OY_GSTA1_N2_060910Run01,E02,het,0.405,0.0082,0.3473,0.2392,0.4053,1491.0
OY_GSTA1_N2_060910Run01,E03,hom1,0.658,0.0181,0.6577,0.1427,0.1816,1479.0
OY_GSTA1_N2_060910Run01,E04,het,0.293,0.2805,0.2918,0.1342,0.2934,1487.0
OY_GSTA1_N2_060910Run01,E05,hom1,0.366,0.007,0.3663,0.2785,0.3482,1498.0
OY_GSTA1_N2_060910Run01,E06,het,0.426,0.0017,0.388,0.1847,0.4256,1499.0
OY_GSTA1_N2_060910Run01,E07,hom1,0.683,0.0037,0.6831,0.1382,0.1751,1484.0
OY_GSTA1_N2_060910Run01,E08,het,0.343,0.1495,0.3352,0.1718,0.3435,1485.0
OY_GSTA1_N2_060910Run01,E09,hom1,0.478,0.0272,0.478,0.2441,0.2507,1492.0
OY_GSTA1_N2_060910Run01,E10,fail,0.929,0.9294,0.0229,0.019,0.0287,1489.0
OY_GSTA1_N2_060910Run01,E11,hom1,0.452,0.0122,0.4519,0.2529,0.2831,1493.0
OY_GSTA1_N2_060910Run01,E12,het,0.572,0.198,0.1438,0.086,0.5722,1493.0
OY_GSTA1_N2_060910Run01,F01,het,0.74,0.0,0.2103,0.0492,0.7405,1491.0
OY_GSTA1_N2_060910Run01,F02,het,0.796,0.0068,0.1202,0.0776,0.7955,1484.0
OY_GSTA1_N2_060910Run01,F03,het,0.859,0.0019,0.0928,0.0466,0.8587,1487.0
OY_GSTA1_N2_060910Run01,F04,het,0.474,0.0102,0.4163,0.0991,0.4745,1488.0
OY_GSTA1_N2_060910Run01,F05,hom1,0.411,0.0198,0.4114,0.2948,0.274,1490.0
OY_GSTA1_N2_060910Run01,F06,het,0.562,0.1445,0.2031,0.0901,0.5622,1494.0
OY_GSTA1_N2_060910Run01,F07,het,0.68,0.0175,0.2061,0.0963,0.68,1493.0
OY_GSTA1_N2_060910Run01,F08,fail,0.933,0.9328,0.0274,0.0218,0.018,1491.0
OY_GSTA1_N2_060910Run01,F09,hom1,0.48,0.0081,0.4801,0.2278,0.284,1498.0
OY_GSTA1_N2_060910Run01,F10,fail,0.848,0.8483,0.0383,0.0315,0.0819,1493.0
OY_GSTA1_N2_060910Run01,F11,hom1,0.456,0.0119,0.456,0.1401,0.3921,1489.0
OY_GSTA1_N2_060910Run01,F12,het,0.309,0.1765,0.2874,0.2268,0.3094,1491.0
OY_GSTA1_N2_060910Run01,G01,fail,0.878,0.8776,0.0442,0.0278,0.0504,1492.0
OY_GSTA1_N2_060910Run01,G02,het,0.605,0.0113,0.2706,0.1131,0.605,1486.0
OY_GSTA1_N2_060910Run01,G03,het,0.618,0.0847,0.1841,0.1134,0.6179,1497.0
OY_GSTA1_N2_060910Run01,G04,hom1,0.513,0.0265,0.5129,0.358,0.1025,1482.0
OY_GSTA1_N2_060910Run01,G05,hom1,0.465,0.0164,0.4654,0.3351,0.1832,1491.0
OY_GSTA1_N2_060910Run01,G06,het,0.457,0.0183,0.3951,0.1291,0.4574,1490.0
OY_GSTA1_N2_060910Run01,G07,hom1,0.512,0.01,0.5122,0.3223,0.1555,1487.0
OY_GSTA1_N2_060910Run01,G08,fail,0.865,0.8647,0.0366,0.0195,0.0793,1486.0
OY_GSTA1_N2_060910Run01,G09,hom1,0.451,0.0175,0.4515,0.3692,0.1618,1491.0
OY_GSTA1_N2_060910Run01,G10,het,0.369,0.1399,0.3242,0.1664,0.3694,1492.0
OY_GSTA1_N2_060910Run01,G11,het,0.586,0.005,0.2631,0.1458,0.5861,1491.0
OY_GSTA1_N2_060910Run01,G12,fail,0.938,0.9381,0.0131,0.0202,0.0285,1484.0
OY_GSTA1_N2_060910Run01,H01,hom1,0.644,0.0081,0.6439,0.2373,0.1107,1483.0
OY_GSTA1_N2_060910Run01,H02,het,0.632,0.035,0.2105,0.1222,0.6322,1490.0
OY_GSTA1_N2_060910Run01,H03,hom1,0.487,0.0169,0.4867,0.3801,0.1163,1486.0
OY_GSTA1_N2_060910Run01,H04,fail,0.932,0.9319,0.0188,0.0275,0.0218,1488.0
OY_GSTA1_N2_060910Run01,H05,het,0.803,0.0087,0.1348,0.0531,0.8034,1500.0
OY_GSTA1_N2_060910Run01,H06,het,0.596,0.0037,0.2468,0.1538,0.5957,1484.0
OY_GSTA1_N2_060910Run01,H07,hom1,0.402,0.0079,0.4018,0.1975,0.3927,1501.0
OY_GSTA1_N2_060910Run01,H08,het,0.481,0.0088,0.3378,0.1727,0.4807,1488.0
OY_GSTA1_N2_060910Run01,H09,het,0.522,0.0621,0.286,0.1302,0.5217,1495.0
OY_GSTA1_N2_060910Run01,H10,hom2,0.433,0.0037,0.4007,0.4334,0.1622,1486.0
OY_GSTA1_N2_060910Run01,H11,het,0.511,0.0087,0.3123,0.1681,0.511,1492.0
OY_GSTA1_N2_060910Run01,H12,hom1,0.605,0.0514,0.6054,0.2542,0.0891,1492.0
OY_GSTA1_N3_060910Run01,A01,het,0.484,0.0468,0.3509,0.1185,0.4838,1490.0
OY_GSTA1_N3_060910Run01,A02,hom1,0.63,0.0,0.6302,0.2088,0.1609,1497.0
OY_GSTA1_N3_060910Run01,A03,hom1,0.627,0.008,0.6274,0.2877,0.0769,1487.0
OY_GSTA1_N3_060910Run01,A04,hom1,0.53,0.0318,0.5301,0.2976,0.1405,1494.0
OY_GSTA1_N3_060910Run01,A05,hom1,0.544,0.0046,0.5442,0.3083,0.1429,1486.0
OY_GSTA1_N3_060910Run01,A06,fail,0.994,0.9939,0.0037,0.0,0.0024,1489.0
OY_GSTA1_N3_060910Run01,A07,het,0.708,0.0078,0.1758,0.1088,0.7077,1486.0
OY_GSTA1_N3_060910Run01,A08,hom1,0.632,0.0033,0.6318,0.2208,0.144,1491.0
OY_GSTA1_N3_060910Run01,A09,hom1,0.648,0.0098,0.6484,0.2047,0.1371,1491.0
OY_GSTA1_N3_060910Run01,A10,hom1,0.383,0.1058,0.3832,0.186,0.325,1485.0
OY_GSTA1_N3_060910Run01,A11,hom2,0.492,0.0188,0.4003,0.4917,0.0891,1496.0
OY_GSTA1_N3_060910Run01,A12,hom2,0.476,0.0414,0.3313,0.476,0.1513,1490.0
OY_GSTA1_N3_060910Run01,B01,het,0.511,0.0411,0.3333,0.115,0.5106,1477.0
OY_GSTA1_N3_060910Run01,B02,fail,0.936,0.9356,0.0251,0.0069,0.0323,1490.0
OY_GSTA1_N3_060910Run01,B03,het,0.443,0.0658,0.2996,0.1915,0.4431,1482.0
OY_GSTA1_N3_060910Run01,B04,hom1,0.479,0.0305,0.4788,0.2394,0.2513,1496.0
OY_GSTA1_N3_060910Run01,B05,het,0.687,0.0831,0.1195,0.1102,0.6872,1476.0
OY_GSTA1_N3_060910Run01,B06,het,0.543,0.0175,0.327,0.1121,0.5434,1479.0
OY_GSTA1_N3_060910Run01,B07,het,0.724,0.0708,0.1216,0.0833,0.7242,1493.0
OY_GSTA1_N3_060910Run01,B08,hom1,0.462,0.0138,0.4624,0.2683,0.2555,1481.0
OY_GSTA1_N3_060910Run01,B09,hom1,0.561,0.0113,0.5612,0.1443,0.2832,1483.0
OY_GSTA1_N3_060910Run01,B10,hom1,0.435,0.0571,0.4348,0.1618,0.3462,1491.0
OY_GSTA1_N3_060910Run01,B11,hom2,0.445,0.0719,0.3776,0.4447,0.1058,1495.0
OY_GSTA1_N3_060910Run01,B12,hom2,0.38,0.0954,0.3696,0.3798,0.1553,1496.0
OY_GSTA1_N3_060910Run01,C01,hom1,0.587,0.0033,0.5868,0.1808,0.2291,1501.0
OY_GSTA1_N3_060910Run01,C02,het,0.349,0.3051,0.2351,0.1112,0.3486,1482.0
OY_GSTA1_N3_060910Run01,C03,hom2,0.37,0.0556,0.3393,0.3704,0.2347,1493.0
OY_GSTA1_N3_060910Run01,C04,hom2,0.42,0.0892,0.3348,0.4196,0.1565,1485.0
OY_GSTA1_N3_060910Run01,C05,hom2,0.41,0.0499,0.3941,0.4105,0.1455,1489.0
OY_GSTA1_N3_060910Run01,C06,hom1,0.398,0.2003,0.3981,0.1674,0.2341,1498.0
OY_GSTA1_N3_060910Run01,C07,het,0.588,0.0233,0.2725,0.1167,0.5875,1488.0
OY_GSTA1_N3_060910Run01,C08,het,0.41,0.0329,0.3775,0.1794,0.4103,1483.0
OY_GSTA1_N3_060910Run01,C09,het,0.728,0.0455,0.1651,0.0611,0.7283,1497.0
OY_GSTA1_N3_060910Run01,C10,hom1,0.52,0.0161,0.5196,0.1495,0.3148,1494.0
OY_GSTA1_N3_060910Run01,C11,hom1,0.422,0.0139,0.4218,0.1573,0.407,1490.0
OY_GSTA1_N3_060910Run01,C12,hom2,0.401,0.115,0.3307,0.4009,0.1534,1489.0
OY_GSTA1_N3_060910Run01,D01,het,0.737,0.0014,0.1649,0.0964,0.7373,1488.0
OY_GSTA1_N3_060910Run01,D02,hom1,0.461,0.0835,0.4613,0.3017,0.1535,1488.0
OY_GSTA1_N3_060910Run01,D03,hom2,0.341,0.0695,0.2998,0.3414,0.2894,1474.0
OY_GSTA1_N3_060910Run01,D04,hom1,0.491,0.0134,0.4909,0.3747,0.1209,1497.0
OY_GSTA1_N3_060910Run01,D05,hom1,0.51,0.0122,0.5104,0.3948,0.0825,1489.0
OY_GSTA1_N3_060910Run01,D06,het,0.423,0.0724,0.3548,0.1503,0.4225,1492.0
OY_GSTA1_N3_060910Run01,D07,hom1,0.587,0.0164,0.5871,0.2595,0.137,1516.0
OY_GSTA1_N3_060910Run01,D08,het,0.476,0.0171,0.3614,0.1456,0.4759,1484.0
OY_GSTA1_N3_060910Run01,D09,het,0.567,0.1013,0.2185,0.1128,0.5674,1492.0
OY_GSTA1_N3_060910Run01,D10,het,0.489,0.036,0.3461,0.1288,0.4891,1486.0
OY_GSTA1_N3_060910Run01,D11,fail,0.969,0.9688,0.0082,0.0072,0.0158,1487.0
OY_GSTA1_N3_060910Run01,D12,hom1,0.37,0.0869,0.37,0.2061,0.3371,1485.0
OY_GSTA1_N3_060910Run01,E01,het,0.526,0.1967,0.1839,0.093,0.5264,1471.0
OY_GSTA1_N3_060910Run01,E02,hom1,0.578,0.0149,0.578,0.2575,0.1496,1485.0
OY_GSTA1_N3_060910Run01,E03,hom1,0.461,0.011,0.4612,0.246,0.2818,1496.0
OY_GSTA1_N3_060910Run01,E04,hom2,0.409,0.0234,0.3897,0.4093,0.1776,1494.0
OY_GSTA1_N3_060910Run01,E05,hom2,0.425,0.01,0.3942,0.425,0.1708,1495.0
OY_GSTA1_N3_060910Run01,E06,hom1,0.396,0.0033,0.3965,0.2219,0.3783,1489.0
OY_GSTA1_N3_060910Run01,E07,hom1,0.502,0.0017,0.5017,0.1585,0.3381,1487.0
OY_GSTA1_N3_060910Run01,E08,het,0.434,0.0357,0.4065,0.1233,0.4345,1478.0
OY_GSTA1_N3_060910Run01,E09,hom1,0.522,0.012,0.5221,0.1766,0.2893,1488.0
OY_GSTA1_N3_060910Run01,E10,het,0.474,0.0108,0.378,0.1375,0.4737,1489.0
OY_GSTA1_N3_060910Run01,E11,hom1,0.499,0.0149,0.4989,0.13,0.3562,1494.0
OY_GSTA1_N3_060910Run01,E12,het,0.413,0.0907,0.3447,0.1512,0.4133,1489.0
OY_GSTA1_N3_060910Run01,F01,hom2,0.413,0.0061,0.3812,0.4129,0.1998,1482.0
OY_GSTA1_N3_060910Run01,F02,het,0.486,0.0174,0.3663,0.1299,0.4864,1490.0
OY_GSTA1_N3_060910Run01,F03,hom1,0.639,0.0065,0.6387,0.2614,0.0934,1473.0
OY_GSTA1_N3_060910Run01,F04,het,0.46,0.0257,0.333,0.1816,0.4597,1480.0
OY_GSTA1_N3_060910Run01,F05,het,0.476,0.0316,0.3996,0.0924,0.4764,1495.0
OY_GSTA1_N3_060910Run01,F06,het,0.51,0.1906,0.1958,0.1033,0.5103,1495.0
OY_GSTA1_N3_060910Run01,F07,het,0.493,0.007,0.4047,0.0952,0.4931,1490.0
OY_GSTA1_N3_060910Run01,F08,hom1,0.429,0.0784,0.4288,0.1757,0.3172,1484.0
OY_GSTA1_N3_060910Run01,F09,het,0.699,0.0485,0.1467,0.1058,0.699,1492.0
OY_GSTA1_N3_060910Run01,F10,het,0.432,0.0096,0.4174,0.1407,0.4322,1493.0
OY_GSTA1_N3_060910Run01,F11,het,0.589,0.0379,0.2365,0.1363,0.5893,1497.0
OY_GSTA1_N3_060910Run01,F12,hom1,0.332,0.137,0.3316,0.2924,0.2389,1482.0
OY_GSTA1_N3_060910Run01,G01,het,0.324,0.1537,0.2633,0.2588,0.3243,1494.0
OY_GSTA1_N3_060910Run01,G02,het,0.53,0.026,0.286,0.1579,0.5302,1492.0
OY_GSTA1_N3_060910Run01,G03,het,0.576,0.1596,0.171,0.0932,0.5763,1471.0
OY_GSTA1_N3_060910Run01,G04,hom1,0.499,0.0032,0.499,0.2739,0.224,1506.0
OY_GSTA1_N3_060910Run01,G05,het,0.843,0.0053,0.108,0.0439,0.8428,1495.0
OY_GSTA1_N3_060910Run01,G06,het,0.691,0.0119,0.1923,0.105,0.6907,1480.0
OY_GSTA1_N3_060910Run01,G07,het,0.597,0.0184,0.2959,0.089,0.5967,1481.0
OY_GSTA1_N3_060910Run01,G08,het,0.708,0.0065,0.2113,0.0739,0.7083,1491.0
OY_GSTA1_N3_060910Run01,G09,hom1,0.499,0.0091,0.4987,0.1511,0.3411,1486.0
OY_GSTA1_N3_060910Run01,G10,het,0.345,0.1536,0.2943,0.2073,0.3448,1487.0
OY_GSTA1_N3_060910Run01,G11,hom1,0.457,0.0153,0.4573,0.2595,0.2678,1484.0
OY_GSTA1_N3_060910Run01,G12,het,0.399,0.0704,0.3549,0.176,0.3987,1485.0
OY_GSTA1_N3_060910Run01,H01,hom1,0.527,0.0139,0.5269,0.323,0.1361,1498.0
OY_GSTA1_N3_060910Run01,H02,het,0.488,0.0093,0.3745,0.128,0.4882,1492.0
OY_GSTA1_N3_060910Run01,H03,hom1,0.512,0.024,0.512,0.3319,0.1322,1484.0
OY_GSTA1_N3_060910Run01,H04,hom1,0.504,0.02,0.5041,0.3414,0.1344,1486.0
OY_GSTA1_N3_060910Run01,H05,het,0.518,0.0023,0.3886,0.0915,0.5175,1485.0
OY_GSTA1_N3_060910Run01,H06,het,0.492,0.0155,0.3379,0.1547,0.4919,1489.0
OY_GSTA1_N3_060910Run01,H07,het,0.522,0.023,0.2836,0.1713,0.522,1492.0
OY_GSTA1_N3_060910Run01,H08,hom1,0.508,0.0045,0.5083,0.2619,0.2253,1485.0
OY_GSTA1_N3_060910Run01,H09,het,0.496,0.0211,0.3316,0.1511,0.4963,1489.0
OY_GSTA1_N3_060910Run01,H10,hom1,0.499,0.0084,0.4994,0.2892,0.2029,1499.0
OY_GSTA1_N3_060910Run01,H11,het,0.7,0.014,0.144,0.1424,0.6997,1503.0
OY_GSTA1_N3_060910Run01,H12,het,0.346,0.0367,0.3228,0.2949,0.3456,1478.0
OY_GSTA1_N4_060910Run01,A01,het,0.534,0.0027,0.3714,0.0923,0.5336,1498.0
OY_GSTA1_N4_060910Run01,A02,hom1,0.578,0.0176,0.578,0.2505,0.1539,1478.0
OY_GSTA1_N4_060910Run01,A03,hom1,0.656,0.008,0.6562,0.2508,0.0849,1488.0
OY_GSTA1_N4_060910Run01,A04,hom1,0.573,0.0242,0.573,0.2954,0.1073,1496.0
OY_GSTA1_N4_060910Run01,A05,hom1,0.407,0.0161,0.4069,0.2696,0.3074,1506.0
OY_GSTA1_N4_060910Run01,A06,fail,0.984,0.9845,0.0031,0.0037,0.0087,1486.0
OY_GSTA1_N4_060910Run01,A07,hom1,0.572,0.0022,0.5715,0.2488,0.1775,1484.0
OY_GSTA1_N4_060910Run01,A08,hom1,0.544,0.0001,0.544,0.2925,0.1635,1483.0
OY_GSTA1_N4_060910Run01,A09,hom1,0.38,0.0172,0.3797,0.2477,0.3554,1477.0
OY_GSTA1_N4_060910Run01,A10,hom1,0.528,0.0067,0.5278,0.3338,0.1317,1485.0
OY_GSTA1_N4_060910Run01,A11,hom1,0.47,0.0063,0.4703,0.392,0.1314,1498.0
OY_GSTA1_N4_060910Run01,A12,hom1,0.521,0.0561,0.5214,0.1903,0.2322,1481.0
OY_GSTA1_N4_060910Run01,B01,hom1,0.654,0.0,0.6542,0.153,0.1928,1487.0
OY_GSTA1_N4_060910Run01,B02,fail,0.982,0.9819,0.0061,0.0031,0.0089,1488.0
OY_GSTA1_N4_060910Run01,B03,het,0.432,0.0565,0.2964,0.2154,0.4317,1500.0
OY_GSTA1_N4_060910Run01,B04,hom1,0.415,0.0222,0.4146,0.2797,0.2835,1489.0
OY_GSTA1_N4_060910Run01,B05,hom1,0.456,0.0076,0.4557,0.261,0.2757,1483.0
OY_GSTA1_N4_060910Run01,B06,hom1,0.424,0.0017,0.4238,0.1701,0.4045,1498.0
OY_GSTA1_N4_060910Run01,B07,het,0.421,0.0111,0.3524,0.2158,0.4207,1503.0
OY_GSTA1_N4_060910Run01,B08,het,0.593,0.0092,0.2721,0.1258,0.5929,1484.0
OY_GSTA1_N4_060910Run01,B09,het,0.669,0.0297,0.1907,0.1109,0.6687,1477.0
OY_GSTA1_N4_060910Run01,B10,hom1,0.429,0.0116,0.4288,0.4059,0.1537,1473.0
OY_GSTA1_N4_060910Run01,B11,hom1,0.445,0.0268,0.4447,0.4404,0.0882,1481.0
OY_GSTA1_N4_060910Run01,B12,het,0.498,0.0197,0.3287,0.1534,0.4982,1493.0
OY_GSTA1_N4_060910Run01,C01,hom1,0.618,0.0033,0.6177,0.2331,0.1459,1513.0
OY_GSTA1_N4_060910Run01,C02,het,0.412,0.2061,0.2311,0.1512,0.4116,1486.0
OY_GSTA1_N4_060910Run01,C03,hom2,0.29,0.1697,0.2718,0.2895,0.269,1489.0
OY_GSTA1_N4_060910Run01,C04,hom1,0.439,0.0721,0.439,0.3465,0.1423,1480.0
OY_GSTA1_N4_060910Run01,C05,het,0.542,0.1028,0.2688,0.0865,0.5419,1475.0
OY_GSTA1_N4_060910Run01,C06,het,0.404,0.1788,0.268,0.1489,0.4043,1490.0
OY_GSTA1_N4_060910Run01,C07,het,0.333,0.0966,0.3272,0.2437,0.3325,1491.0
OY_GSTA1_N4_060910Run01,C08,het,0.572,0.0563,0.2771,0.0948,0.5717,1500.0
OY_GSTA1_N4_060910Run01,C09,hom1,0.407,0.0085,0.4071,0.257,0.3275,1488.0
OY_GSTA1_N4_060910Run01,C10,hom1,0.484,0.0174,0.4843,0.1133,0.385,1490.0
OY_GSTA1_N4_060910Run01,C11,hom1,0.668,0.0092,0.6677,0.2052,0.1178,1487.0
OY_GSTA1_N4_060910Run01,C12,hom2,0.409,0.0135,0.3868,0.4086,0.191,1487.0
OY_GSTA1_N4_060910Run01,D01,het,0.392,0.0111,0.3144,0.2823,0.3922,1489.0
OY_GSTA1_N4_060910Run01,D02,hom1,0.405,0.0927,0.4047,0.2955,0.2071,1485.0
OY_GSTA1_N4_060910Run01,D03,hom1,0.444,0.0585,0.4435,0.2611,0.2369,1483.0
OY_GSTA1_N4_060910Run01,D04,hom2,0.383,0.0286,0.2904,0.383,0.298,1503.0
OY_GSTA1_N4_060910Run01,D05,het,0.695,0.0188,0.1685,0.1178,0.6949,1497.0
OY_GSTA1_N4_060910Run01,D06,het,0.605,0.0239,0.2257,0.1451,0.6053,1497.0
OY_GSTA1_N4_060910Run01,D07,hom1,0.422,0.0689,0.4223,0.3054,0.2035,1477.0
OY_GSTA1_N4_060910Run01,D08,hom1,0.514,0.0229,0.5145,0.3359,0.1267,1484.0
OY_GSTA1_N4_060910Run01,D09,hom1,0.353,0.0597,0.3532,0.347,0.2401,1474.0
OY_GSTA1_N4_060910Run01,D10,het,0.661,0.0109,0.2537,0.0744,0.661,1484.0
OY_GSTA1_N4_060910Run01,D11,fail,0.987,0.9874,0.0017,0.0033,0.0076,1490.0
OY_GSTA1_N4_060910Run01,D12,hom1,0.402,0.0173,0.4023,0.326,0.2544,1488.0
OY_GSTA1_N4_060910Run01,E01,het,0.525,0.156,0.2024,0.1167,0.5248,1491.0
OY_GSTA1_N4_060910Run01,E02,hom1,0.686,0.0035,0.6865,0.2305,0.0795,1495.0
OY_GSTA1_N4_060910Run01,E03,hom1,0.444,0.0706,0.4438,0.1992,0.2864,1493.0
OY_GSTA1_N4_060910Run01,E04,het,0.472,0.0095,0.406,0.112,0.4725,1488.0
OY_GSTA1_N4_060910Run01,E05,het,0.396,0.0227,0.2669,0.314,0.3965,1486.0
OY_GSTA1_N4_060910Run01,E06,het,0.512,0.0126,0.3279,0.1472,0.5124,1475.0
OY_GSTA1_N4_060910Run01,E07,hom1,0.583,0.0061,0.5829,0.241,0.17,1505.0
OY_GSTA1_N4_060910Run01,E08,hom1,0.498,0.0313,0.4981,0.3519,0.1188,1493.0
OY_GSTA1_N4_060910Run01,E09,hom1,0.635,0.0047,0.6352,0.2172,0.1429,1490.0
OY_GSTA1_N4_060910Run01,E10,hom1,0.412,0.0219,0.4116,0.1897,0.3769,1488.0
OY_GSTA1_N4_060910Run01,E11,hom1,0.424,0.0367,0.4243,0.2438,0.2951,1486.0
OY_GSTA1_N4_060910Run01,E12,hom1,0.441,0.0435,0.4407,0.3965,0.1193,1485.0
OY_GSTA1_N4_060910Run01,F01,het,0.516,0.0088,0.3906,0.0847,0.5159,1492.0
OY_GSTA1_N4_060910Run01,F02,het,0.524,0.0422,0.2872,0.1468,0.5238,1493.0
OY_GSTA1_N4_060910Run01,F03,hom1,0.439,0.0041,0.4387,0.2574,0.2997,1490.0
OY_GSTA1_N4_060910Run01,F04,het,0.454,0.0103,0.4385,0.0971,0.4541,1481.0
OY_GSTA1_N4_060910Run01,F05,hom1,0.428,0.1118,0.4277,0.1059,0.3546,1477.0
OY_GSTA1_N4_060910Run01,F06,hom1,0.416,0.124,0.416,0.1713,0.2888,1493.0
