folder,well,prediction,confidence,prob_fail,prob_hom1,prob_hom2,prob_het,raw_IS_spread
OY_CYBA_N1_200910Run01,A01,fail,0.815,0.8148,0.0753,0.0375,0.0724,70.0
OY_CYBA_N1_200910Run01,A02,hom1,0.578,0.0912,0.5785,0.0876,0.2427,72.0
OY_CYBA_N1_200910Run01,A03,hom1,0.568,0.0397,0.5677,0.1425,0.2501,65.0
OY_CYBA_N1_200910Run01,A04,het,0.585,0.0277,0.3372,0.0496,0.5855,65.0
OY_CYBA_N1_200910Run01,A05,hom1,0.685,0.01,0.685,0.1967,0.1083,61.0
OY_CYBA_N1_200910Run01,A06,fail,0.97,0.9699,0.0117,0.004,0.0144,69.0
OY_CYBA_N1_200910Run01,A07,hom1,0.728,0.0157,0.7278,0.1386,0.1179,67.0
OY_CYBA_N1_200910Run01,A08,het,0.653,0.0043,0.2514,0.0916,0.6528,67.0
OY_CYBA_N1_200910Run01,A09,hom1,0.578,0.035,0.5783,0.2092,0.1775,45.0
OY_CYBA_N1_200910Run01,A10,hom2,0.667,0.0005,0.1452,0.6671,0.1871,66.0
OY_CYBA_N1_200910Run01,A11,hom2,0.619,0.0003,0.268,0.6191,0.1125,70.0
OY_CYBA_N1_200910Run01,A12,het,0.417,0.019,0.3149,0.2489,0.4172,72.0
OY_CYBA_N1_200910Run01,B01,hom1,0.772,0.0187,0.7719,0.0903,0.1191,63.0
OY_CYBA_N1_200910Run01,B02,fail,0.999,0.9992,0.0,0.0,0.0008,71.0
OY_CYBA_N1_200910Run01,B03,hom1,0.804,0.004,0.8036,0.1252,0.0672,72.0
OY_CYBA_N1_200910Run01,B04,het,0.46,0.0091,0.4023,0.1283,0.4604,69.0
OY_CYBA_N1_200910Run01,B05,hom1,0.527,0.0128,0.5265,0.2604,0.2003,81.0
OY_CYBA_N1_200910Run01,B06,het,0.383,0.0261,0.3375,0.2537,0.3827,75.0
OY_CYBA_N1_200910Run01,B07,hom1,0.648,0.0093,0.6482,0.2456,0.0969,75.0
OY_CYBA_N1_200910Run01,B08,het,0.825,0.0,0.106,0.0691,0.8249,71.0
OY_CYBA_N1_200910Run01,B09,het,0.48,0.0498,0.3391,0.1307,0.4803,70.0
OY_CYBA_N1_200910Run01,B10,hom1,0.397,0.0132,0.3969,0.2303,0.3595,66.0
OY_CYBA_N1_200910Run01,B11,het,0.374,0.0085,0.3366,0.281,0.3738,71.0
OY_CYBA_N1_200910Run01,B12,het,0.629,0.0166,0.2096,0.1449,0.6289,71.0
OY_CYBA_N1_200910Run01,C01,fail,0.37,0.3704,0.2477,0.1062,0.2757,67.0
OY_CYBA_N1_200910Run01,C02,hom1,0.606,0.0244,0.6059,0.0898,0.28,73.0
OY_CYBA_N1_200910Run01,C03,het,0.843,0.014,0.0988,0.0446,0.8427,67.0
OY_CYBA_N1_200910Run01,C04,hom1,0.637,0.0027,0.6368,0.0684,0.2921,73.0
OY_CYBA_N1_200910Run01,C05,hom1,0.557,0.0133,0.557,0.2243,0.2054,66.0
OY_CYBA_N1_200910Run01,C06,het,0.688,0.0045,0.1805,0.1274,0.6875,71.0
OY_CYBA_N1_200910Run01,C07,hom1,0.716,0.0158,0.716,0.1847,0.0834,71.0
OY_CYBA_N1_200910Run01,C08,hom1,0.617,0.0235,0.617,0.2253,0.1341,66.0
OY_CYBA_N1_200910Run01,C09,hom1,0.509,0.0103,0.5086,0.2353,0.2459,62.0
OY_CYBA_N1_200910Run01,C10,het,0.512,0.018,0.291,0.1792,0.5119,67.0
OY_CYBA_N1_200910Run01,C11,hom2,0.393,0.021,0.2588,0.3927,0.3275,66.0
OY_CYBA_N1_200910Run01,C12,hom1,0.509,0.0031,0.509,0.2287,0.2592,72.0
OY_CYBA_N1_200910Run01,D01,hom1,0.66,0.0454,0.6597,0.167,0.1279,72.0
OY_CYBA_N1_200910Run01,D02,hom1,0.553,0.0329,0.553,0.0902,0.324,68.0
OY_CYBA_N1_200910Run01,D03,hom1,0.772,0.005,0.7719,0.1209,0.1022,70.0
OY_CYBA_N1_200910Run01,D04,hom1,0.736,0.0098,0.7363,0.1337,0.1202,73.0
OY_CYBA_N1_200910Run01,D05,hom1,0.762,0.0214,0.7617,0.1225,0.0944,76.0
OY_CYBA_N1_200910Run01,D06,het,0.659,0.0152,0.181,0.1453,0.6585,68.0
OY_CYBA_N1_200910Run01,D07,het,0.593,0.0241,0.2586,0.124,0.5933,70.0
OY_CYBA_N1_200910Run01,D08,het,0.585,0.014,0.292,0.1091,0.5849,67.0
OY_CYBA_N1_200910Run01,D09,het,0.467,0.0352,0.1936,0.3043,0.4669,73.0
OY_CYBA_N1_200910Run01,D10,hom1,0.376,0.0063,0.3757,0.2691,0.3489,71.0
OY_CYBA_N1_200910Run01,D11,fail,0.947,0.9467,0.0174,0.0084,0.0275,70.0
OY_CYBA_N1_200910Run01,D12,hom1,0.514,0.0244,0.5141,0.2838,0.1776,71.0
OY_CYBA_N1_200910Run01,E01,het,0.622,0.0149,0.2814,0.082,0.6218,69.0
OY_CYBA_N1_200910Run01,E02,hom1,0.736,0.0191,0.7365,0.1736,0.0708,71.0
OY_CYBA_N1_200910Run01,E03,het,0.621,0.0161,0.2578,0.1054,0.6207,67.0
OY_CYBA_N1_200910Run01,E04,hom1,0.648,0.0001,0.6477,0.1,0.2523,79.0
OY_CYBA_N1_200910Run01,E05,hom2,0.762,0.0092,0.1529,0.7617,0.0762,72.0
OY_CYBA_N1_200910Run01,E06,het,0.62,0.0162,0.183,0.1806,0.6202,69.0
OY_CYBA_N1_200910Run01,E07,hom1,0.757,0.0025,0.7573,0.1779,0.0623,62.0
OY_CYBA_N1_200910Run01,E08,hom1,0.646,0.008,0.646,0.0735,0.2725,69.0
OY_CYBA_N1_200910Run01,E09,het,0.658,0.0307,0.201,0.1101,0.6582,68.0
OY_CYBA_N1_200910Run01,E10,hom1,0.573,0.0295,0.5734,0.143,0.2541,0.0
OY_CYBA_N1_200910Run01,E11,het,0.634,0.006,0.2316,0.1285,0.6339,65.0
OY_CYBA_N1_200910Run01,E12,hom1,0.59,0.0131,0.5895,0.2292,0.1682,66.0
OY_CYBA_N1_200910Run01,F01,hom1,0.693,0.0244,0.6933,0.1028,0.1795,68.0
OY_CYBA_N1_200910Run01,F02,het,0.541,0.0337,0.3355,0.0895,0.5413,72.0
OY_CYBA_N1_200910Run01,F03,het,0.733,0.0084,0.2159,0.043,0.7327,70.0
OY_CYBA_N1_200910Run01,F04,hom1,0.614,0.0041,0.6138,0.0466,0.3355,68.0
OY_CYBA_N1_200910Run01,F05,hom1,0.631,0.0675,0.631,0.1883,0.1131,67.0
OY_CYBA_N1_200910Run01,F06,het,0.661,0.0101,0.1702,0.1588,0.6609,70.0
OY_CYBA_N1_200910Run01,F07,het,0.878,0.002,0.0883,0.0313,0.8784,67.0
OY_CYBA_N1_200910Run01,F08,hom1,0.508,0.0037,0.5082,0.0756,0.4125,73.0
OY_CYBA_N1_200910Run01,F09,het,0.375,0.012,0.3282,0.2848,0.375,68.0
OY_CYBA_N1_200910Run01,F10,het,0.509,0.0374,0.2794,0.1745,0.5087,71.0
OY_CYBA_N1_200910Run01,F11,het,0.633,0.002,0.2672,0.0976,0.6332,71.0
OY_CYBA_N1_200910Run01,F12,hom2,0.691,0.0081,0.2091,0.6907,0.0922,68.0
OY_CYBA_N1_200910Run01,G01,het,0.477,0.0145,0.4466,0.0621,0.4768,67.0
OY_CYBA_N1_200910Run01,G02,hom1,0.649,0.0404,0.6485,0.1374,0.1737,76.0
OY_CYBA_N1_200910Run01,G03,hom1,0.617,0.0327,0.6173,0.1033,0.2467,69.0
OY_CYBA_N1_200910Run01,G04,hom1,0.782,0.0164,0.7822,0.1023,0.0991,74.0
OY_CYBA_N1_200910Run01,G05,het,0.694,0.0045,0.1667,0.1353,0.6935,73.0
OY_CYBA_N1_200910Run01,G06,hom2,0.553,0.0076,0.1779,0.5526,0.2619,70.0
OY_CYBA_N1_200910Run01,G07,hom2,0.598,0.0117,0.3026,0.5984,0.0872,69.0
OY_CYBA_N1_200910Run01,G08,hom1,0.586,0.0001,0.5863,0.1108,0.3028,72.0
OY_CYBA_N1_200910Run01,G09,hom1,0.581,0.0053,0.5808,0.3191,0.0948,71.0
OY_CYBA_N1_200910Run01,G10,hom1,0.574,0.0153,0.5738,0.089,0.3219,71.0
OY_CYBA_N1_200910Run01,G11,hom1,0.532,0.0078,0.5315,0.3558,0.1049,71.0
OY_CYBA_N1_200910Run01,G12,hom1,0.445,0.0027,0.445,0.1665,0.3859,64.0
OY_CYBA_N1_200910Run01,H01,hom1,0.488,0.0338,0.4883,0.0536,0.4243,71.0
OY_CYBA_N1_200910Run01,H02,het,0.462,0.1961,0.2824,0.059,0.4624,69.0
OY_CYBA_N1_200910Run01,H03,het,0.616,0.0302,0.2693,0.0842,0.6163,68.0
OY_CYBA_N1_200910Run01,H04,hom1,0.599,0.0175,0.5993,0.1672,0.216,72.0
OY_CYBA_N1_200910Run01,H05,hom1,0.492,0.0131,0.4923,0.1617,0.3329,71.0
OY_CYBA_N1_200910Run01,H06,hom1,0.513,0.0256,0.5134,0.1754,0.2856,68.0
OY_CYBA_N1_200910Run01,H07,het,0.813,0.0079,0.1158,0.0634,0.813,73.0
OY_CYBA_N1_200910Run01,H08,het,0.669,0.0298,0.2308,0.0704,0.6689,76.0
OY_CYBA_N1_200910Run01,H09,hom1,0.484,0.0058,0.484,0.0906,0.4196,69.0
OY_CYBA_N1_200910Run01,H10,hom1,0.538,0.0064,0.5376,0.0983,0.3577,64.0
OY_CYBA_N1_200910Run01,H11,het,0.742,0.0101,0.1881,0.0601,0.7417,66.0
OY_CYBA_N1_200910Run01,H12,fail,0.342,0.3418,0.2422,0.1057,0.3104,67.0
OY_CYBA_N1_200910Run02,A01,hom1,0.68,0.063,0.6803,0.0515,0.2052,71.0
OY_CYBA_N1_200910Run02,A02,hom1,0.669,0.0261,0.6695,0.1604,0.144,70.0
OY_CYBA_N1_200910Run02,A03,hom1,0.51,0.0065,0.5104,0.3,0.1831,77.0
OY_CYBA_N1_200910Run02,A04,het,0.531,0.0037,0.2712,0.1936,0.5314,62.0
OY_CYBA_N1_200910Run02,A05,hom1,0.566,0.011,0.5658,0.14,0.2832,80.0
OY_CYBA_N1_200910Run02,A06,fail,0.982,0.9815,0.0057,0.005,0.0078,70.0
OY_CYBA_N1_200910Run02,A07,hom1,0.591,0.0076,0.5905,0.1507,0.2512,71.0
OY_CYBA_N1_200910Run02,A08,het,0.613,0.0044,0.2798,0.103,0.6128,67.0
OY_CYBA_N1_200910Run02,A09,hom1,0.55,0.02,0.5501,0.2878,0.1421,75.0
OY_CYBA_N1_200910Run02,A10,hom2,0.701,0.0113,0.1914,0.701,0.0962,75.0
OY_CYBA_N1_200910Run02,A11,hom2,0.715,0.0018,0.1848,0.715,0.0984,74.0
OY_CYBA_N1_200910Run02,A12,het,0.485,0.0185,0.2836,0.2131,0.4848,63.0
OY_CYBA_N1_200910Run02,B01,hom1,0.676,0.0344,0.676,0.0525,0.2371,66.0
OY_CYBA_N1_200910Run02,B02,fail,0.999,0.9994,0.0003,0.0004,0.0,72.0
OY_CYBA_N1_200910Run02,B03,hom1,0.741,0.0177,0.7414,0.1144,0.1266,69.0
OY_CYBA_N1_200910Run02,B04,het,0.488,0.0077,0.2959,0.2088,0.4876,75.0
OY_CYBA_N1_200910Run02,B05,hom1,0.577,0.0209,0.5768,0.162,0.2403,70.0
OY_CYBA_N1_200910Run02,B06,hom2,0.58,0.0021,0.1864,0.5803,0.2313,67.0
OY_CYBA_N1_200910Run02,B07,hom1,0.578,0.024,0.5777,0.117,0.2813,82.0
OY_CYBA_N1_200910Run02,B08,het,0.66,0.0146,0.2127,0.1122,0.6604,78.0
OY_CYBA_N1_200910Run02,B09,het,0.424,0.0225,0.3065,0.2472,0.4238,68.0
OY_CYBA_N1_200910Run02,B10,het,0.429,0.0164,0.3376,0.2172,0.4288,67.0
OY_CYBA_N1_200910Run02,B11,het,0.444,0.0076,0.2365,0.3121,0.4438,75.0
OY_CYBA_N1_200910Run02,B12,het,0.633,0.0385,0.2089,0.1192,0.6334,74.0
OY_CYBA_N1_200910Run02,C01,het,0.506,0.0356,0.4001,0.058,0.5063,73.0
OY_CYBA_N1_200910Run02,C02,hom1,0.628,0.0343,0.6284,0.0827,0.2546,70.0
OY_CYBA_N1_200910Run02,C03,het,0.607,0.0038,0.2557,0.1334,0.6071,75.0
OY_CYBA_N1_200910Run02,C04,hom1,0.504,0.0104,0.5039,0.133,0.3527,66.0
OY_CYBA_N1_200910Run02,C05,hom1,0.496,0.0451,0.4963,0.095,0.3636,61.0
OY_CYBA_N1_200910Run02,C06,het,0.708,0.0045,0.1854,0.102,0.7081,64.0
OY_CYBA_N1_200910Run02,C07,hom1,0.652,0.0162,0.6522,0.2283,0.1033,74.0
OY_CYBA_N1_200910Run02,C08,hom1,0.502,0.0,0.5021,0.123,0.3749,74.0
OY_CYBA_N1_200910Run02,C09,hom2,0.399,0.0582,0.3143,0.3992,0.2284,74.0
OY_CYBA_N1_200910Run02,C10,hom1,0.321,0.1262,0.3212,0.2975,0.2551,70.0
OY_CYBA_N1_200910Run02,C11,hom1,0.372,0.0115,0.3718,0.2994,0.3173,69.0
OY_CYBA_N1_200910Run02,C12,hom1,0.519,0.0649,0.5191,0.1152,0.3007,66.0
OY_CYBA_N1_200910Run02,D01,hom1,0.715,0.0155,0.7145,0.0494,0.2205,79.0
OY_CYBA_N1_200910Run02,D02,hom1,0.582,0.0171,0.5822,0.114,0.2867,69.0
OY_CYBA_N1_200910Run02,D03,hom1,0.779,0.0159,0.779,0.105,0.1,68.0
OY_CYBA_N1_200910Run02,D04,hom1,0.572,0.0093,0.5721,0.1724,0.2462,73.0
OY_CYBA_N1_200910Run02,D05,hom1,0.425,0.0039,0.4247,0.1583,0.4131,68.0
OY_CYBA_N1_200910Run02,D06,het,0.698,0.0036,0.1989,0.1,0.6975,79.0
OY_CYBA_N1_200910Run02,D07,het,0.715,0.0051,0.2121,0.0679,0.7149,70.0
OY_CYBA_N1_200910Run02,D08,het,0.721,0.0033,0.2161,0.0596,0.7209,71.0
OY_CYBA_N1_200910Run02,D09,hom1,0.52,0.014,0.5201,0.2974,0.1684,72.0
OY_CYBA_N1_200910Run02,D10,hom2,0.355,0.0802,0.316,0.3554,0.2484,73.0
OY_CYBA_N1_200910Run02,D11,fail,1.0,0.9996,0.0004,0.0,0.0,74.0
OY_CYBA_N1_200910Run02,D12,hom1,0.557,0.0119,0.5574,0.1646,0.2661,70.0
OY_CYBA_N1_200910Run02,E01,het,0.462,0.1191,0.3601,0.0589,0.4619,74.0
OY_CYBA_N1_200910Run02,E02,hom1,0.65,0.0173,0.6504,0.0995,0.2328,75.0
OY_CYBA_N1_200910Run02,E03,het,0.433,0.0141,0.3561,0.1968,0.433,69.0
OY_CYBA_N1_200910Run02,E04,hom1,0.677,0.0104,0.6767,0.1721,0.1408,75.0
OY_CYBA_N1_200910Run02,E05,hom2,0.487,0.0169,0.2191,0.4874,0.2766,78.0
OY_CYBA_N1_200910Run02,E06,het,0.655,0.0048,0.2153,0.1245,0.6554,75.0
OY_CYBA_N1_200910Run02,E07,hom1,0.607,0.014,0.6073,0.2539,0.1249,77.0
OY_CYBA_N1_200910Run02,E08,hom1,0.567,0.0179,0.5669,0.1064,0.3087,70.0
OY_CYBA_N1_200910Run02,E09,het,0.606,0.0067,0.195,0.1921,0.6062,68.0
OY_CYBA_N1_200910Run02,E10,hom1,0.611,0.0019,0.611,0.2383,0.1488,66.0
OY_CYBA_N1_200910Run02,E11,het,0.685,0.0035,0.2114,0.1001,0.6851,74.0
OY_CYBA_N1_200910Run02,E12,hom1,0.565,0.0128,0.565,0.2282,0.1939,74.0
OY_CYBA_N1_200910Run02,F01,hom1,0.587,0.0672,0.587,0.0872,0.2586,63.0
OY_CYBA_N1_200910Run02,F02,het,0.497,0.0419,0.3933,0.0682,0.4967,67.0
OY_CYBA_N1_200910Run02,F03,het,0.744,0.0,0.1786,0.0773,0.744,79.0
OY_CYBA_N1_200910Run02,F04,hom1,0.649,0.004,0.6492,0.2297,0.1171,73.0
OY_CYBA_N1_200910Run02,F05,hom1,0.577,0.0083,0.5772,0.1298,0.2848,67.0
OY_CYBA_N1_200910Run02,F06,het,0.643,0.0097,0.2091,0.1386,0.6427,81.0
OY_CYBA_N1_200910Run02,F07,het,0.615,0.0062,0.2549,0.124,0.615,75.0
OY_CYBA_N1_200910Run02,F08,hom1,0.595,0.0065,0.5949,0.1218,0.2768,68.0
OY_CYBA_N1_200910Run02,F09,hom2,0.582,0.0311,0.227,0.5819,0.16,69.0
OY_CYBA_N1_200910Run02,F10,hom1,0.543,0.0146,0.5434,0.2531,0.1889,68.0
OY_CYBA_N1_200910Run02,F11,het,0.686,0.0049,0.2014,0.1074,0.6863,70.0
OY_CYBA_N1_200910Run02,F12,hom2,0.524,0.0118,0.2312,0.5242,0.2328,77.0
OY_CYBA_N1_200910Run02,G01,hom1,0.63,0.0377,0.6297,0.0553,0.2774,68.0
OY_CYBA_N1_200910Run02,G02,hom1,0.657,0.0378,0.6573,0.1289,0.176,69.0
OY_CYBA_N1_200910Run02,G03,hom1,0.62,0.0162,0.6196,0.0566,0.3076,75.0
OY_CYBA_N1_200910Run02,G04,hom1,0.773,0.0038,0.7729,0.1498,0.0736,61.0
OY_CYBA_N1_200910Run02,G05,het,0.611,0.0725,0.2137,0.1024,0.6114,66.0
OY_CYBA_N1_200910Run02,G06,hom2,0.596,0.0205,0.209,0.5962,0.1743,62.0
OY_CYBA_N1_200910Run02,G07,hom2,0.678,0.0076,0.2235,0.678,0.0909,73.0
OY_CYBA_N1_200910Run02,G08,hom1,0.577,0.0072,0.5765,0.1413,0.275,72.0
OY_CYBA_N1_200910Run02,G09,hom1,0.553,0.0701,0.5529,0.2201,0.1569,65.0
OY_CYBA_N1_200910Run02,G10,hom1,0.549,0.0953,0.5493,0.1675,0.188,73.0
OY_CYBA_N1_200910Run02,G11,hom1,0.57,0.0202,0.5698,0.1793,0.2307,61.0
OY_CYBA_N1_200910Run02,G12,hom1,0.476,0.025,0.4757,0.106,0.3932,72.0
OY_CYBA_N1_200910Run02,H01,hom1,0.663,0.0185,0.6627,0.0567,0.2621,70.0
OY_CYBA_N1_200910Run02,H02,het,0.531,0.0286,0.3561,0.084,0.5313,76.0
OY_CYBA_N1_200910Run02,H03,het,0.579,0.0075,0.2395,0.1741,0.5789,76.0
OY_CYBA_N1_200910Run02,H04,hom1,0.597,0.009,0.5974,0.2445,0.1491,59.0
OY_CYBA_N1_200910Run02,H05,hom1,0.533,0.0074,0.5333,0.1224,0.3369,75.0
OY_CYBA_N1_200910Run02,H06,hom1,0.608,0.0131,0.6076,0.1513,0.228,70.0
OY_CYBA_N1_200910Run02,H07,het,0.684,0.0298,0.1935,0.0928,0.684,78.0
OY_CYBA_N1_200910Run02,H08,hom1,0.485,0.0185,0.485,0.1655,0.331,67.0
OY_CYBA_N1_200910Run02,H09,hom1,0.604,0.0087,0.6038,0.1659,0.2216,65.0
OY_CYBA_N1_200910Run02,H10,hom1,0.555,0.0116,0.5547,0.279,0.1547,66.0
OY_CYBA_N1_200910Run02,H11,het,0.685,0.0052,0.2047,0.1053,0.6848,71.0
OY_CYBA_N1_200910Run02,H12,fail,0.405,0.4052,0.1725,0.0819,0.3403,73.0
OY_CYBA_N1_60gr_210910Run01,A01,hom1,0.497,0.077,0.4971,0.1941,0.2318,71.0
OY_CYBA_N1_60gr_210910Run01,A02,hom1,0.621,0.0177,0.6207,0.2524,0.1092,74.0
OY_CYBA_N1_60gr_210910Run01,A03,hom1,0.615,0.0185,0.6147,0.2621,0.1048,67.0
OY_CYBA_N1_60gr_210910Run01,A04,hom1,0.49,0.0229,0.4902,0.225,0.262,51.0
OY_CYBA_N1_60gr_210910Run01,A05,hom1,0.449,0.0131,0.4485,0.2048,0.3335,79.0
OY_CYBA_N1_60gr_210910Run01,A06,fail,0.933,0.9332,0.0313,0.009,0.0266,71.0
OY_CYBA_N1_60gr_210910Run01,A07,hom1,0.656,0.0054,0.6561,0.2356,0.1029,74.0
OY_CYBA_N1_60gr_210910Run01,A08,het,0.53,0.0118,0.3011,0.1573,0.5298,69.0
OY_CYBA_N1_60gr_210910Run01,A09,hom2,0.351,0.0633,0.3254,0.3514,0.26,58.0
OY_CYBA_N1_60gr_210910Run01,A10,het,0.39,0.0772,0.2954,0.2376,0.3898,72.0
OY_CYBA_N1_60gr_210910Run01,A11,het,0.512,0.018,0.327,0.143,0.512,76.0
OY_CYBA_N1_60gr_210910Run01,A12,hom1,0.407,0.079,0.4065,0.1888,0.3257,70.0
OY_CYBA_N1_60gr_210910Run01,B01,hom1,0.502,0.0204,0.5021,0.2148,0.2627,73.0
OY_CYBA_N1_60gr_210910Run01,B02,fail,0.971,0.9712,0.014,0.0037,0.011,65.0
OY_CYBA_N1_60gr_210910Run01,B03,hom1,0.664,0.0243,0.6637,0.2266,0.0854,70.0
OY_CYBA_N1_60gr_210910Run01,B04,hom1,0.364,0.0053,0.3644,0.36,0.2703,74.0
OY_CYBA_N1_60gr_210910Run01,B05,het,0.42,0.0131,0.4123,0.155,0.4196,66.0
OY_CYBA_N1_60gr_210910Run01,B06,hom1,0.406,0.0458,0.4056,0.1708,0.3778,73.0
OY_CYBA_N1_60gr_210910Run01,B07,hom1,0.554,0.0059,0.5537,0.299,0.1413,65.0
OY_CYBA_N1_60gr_210910Run01,B08,het,0.384,0.0169,0.3568,0.2424,0.3839,69.0
OY_CYBA_N1_60gr_210910Run01,B09,hom1,0.418,0.0325,0.4179,0.2773,0.2723,72.0
OY_CYBA_N1_60gr_210910Run01,B10,het,0.44,0.0099,0.3375,0.2131,0.4395,67.0
OY_CYBA_N1_60gr_210910Run01,B11,hom1,0.339,0.0183,0.3395,0.3197,0.3225,70.0
OY_CYBA_N1_60gr_210910Run01,B12,het,0.504,0.0188,0.3217,0.1551,0.5044,58.0
OY_CYBA_N1_60gr_210910Run01,C01,hom1,0.55,0.0122,0.5495,0.0957,0.3425,65.0
OY_CYBA_N1_60gr_210910Run01,C02,hom1,0.5,0.0312,0.5002,0.1355,0.3331,77.0
OY_CYBA_N1_60gr_210910Run01,C03,het,0.406,0.0073,0.4,0.1866,0.4061,74.0
OY_CYBA_N1_60gr_210910Run01,C04,hom1,0.413,0.0075,0.4129,0.3087,0.2709,75.0
OY_CYBA_N1_60gr_210910Run01,C05,hom1,0.409,0.0171,0.4087,0.1658,0.4083,75.0
OY_CYBA_N1_60gr_210910Run01,C06,het,0.535,0.011,0.2856,0.1686,0.5348,63.0
OY_CYBA_N1_60gr_210910Run01,C07,hom1,0.728,0.0,0.7281,0.1699,0.102,74.0
OY_CYBA_N1_60gr_210910Run01,C08,het,0.539,0.0187,0.2623,0.1801,0.5389,64.0
OY_CYBA_N1_60gr_210910Run01,C09,het,0.499,0.0721,0.2368,0.1924,0.4986,71.0
OY_CYBA_N1_60gr_210910Run01,C10,hom1,0.467,0.117,0.4668,0.2118,0.2045,74.0
OY_CYBA_N1_60gr_210910Run01,C11,het,0.535,0.02,0.3083,0.1364,0.5353,70.0
OY_CYBA_N1_60gr_210910Run01,C12,het,0.426,0.1218,0.3068,0.1451,0.4263,74.0
OY_CYBA_N1_60gr_210910Run01,D01,hom1,0.519,0.0976,0.5188,0.0696,0.314,73.0
OY_CYBA_N1_60gr_210910Run01,D02,het,0.54,0.0282,0.3227,0.1095,0.5396,78.0
OY_CYBA_N1_60gr_210910Run01,D03,hom1,0.614,0.027,0.6138,0.2328,0.1264,65.0
OY_CYBA_N1_60gr_210910Run01,D04,hom1,0.425,0.0183,0.4248,0.2442,0.3127,67.0
OY_CYBA_N1_60gr_210910Run01,D05,het,0.452,0.0075,0.3781,0.1627,0.4516,75.0
OY_CYBA_N1_60gr_210910Run01,D06,het,0.409,0.0413,0.3603,0.1891,0.4094,64.0
OY_CYBA_N1_60gr_210910Run01,D07,het,0.491,0.0107,0.37,0.1279,0.4914,73.0
OY_CYBA_N1_60gr_210910Run01,D08,het,0.548,0.0162,0.2952,0.1409,0.5476,63.0
OY_CYBA_N1_60gr_210910Run01,D09,hom2,0.385,0.0554,0.3642,0.3848,0.1956,72.0
OY_CYBA_N1_60gr_210910Run01,D10,hom1,0.469,0.0345,0.4691,0.2348,0.2617,75.0
OY_CYBA_N1_60gr_210910Run01,D11,fail,0.932,0.9316,0.0229,0.0105,0.0349,70.0
OY_CYBA_N1_60gr_210910Run01,D12,hom1,0.423,0.0324,0.4229,0.2384,0.3063,71.0
OY_CYBA_N1_60gr_210910Run01,E01,hom1,0.399,0.1821,0.3993,0.0847,0.3339,64.0
OY_CYBA_N1_60gr_210910Run01,E02,hom1,0.518,0.0248,0.5177,0.0945,0.363,68.0
OY_CYBA_N1_60gr_210910Run01,E03,hom1,0.453,0.0051,0.453,0.299,0.243,63.0
OY_CYBA_N1_60gr_210910Run01,E04,hom1,0.692,0.0125,0.6917,0.2152,0.0806,68.0
OY_CYBA_N1_60gr_210910Run01,E05,hom1,0.423,0.0068,0.423,0.1621,0.4081,67.0
OY_CYBA_N1_60gr_210910Run01,E06,het,0.516,0.0043,0.3327,0.1472,0.5158,74.0
OY_CYBA_N1_60gr_210910Run01,E07,hom1,0.651,0.0037,0.6507,0.2067,0.139,72.0
OY_CYBA_N1_60gr_210910Run01,E08,hom1,0.478,0.0302,0.478,0.1673,0.3245,74.0
OY_CYBA_N1_60gr_210910Run01,E09,het,0.555,0.0345,0.273,0.1375,0.5551,72.0
OY_CYBA_N1_60gr_210910Run01,E10,hom1,0.366,0.0287,0.3655,0.2847,0.3211,68.0
OY_CYBA_N1_60gr_210910Run01,E11,het,0.527,0.0211,0.3333,0.1189,0.5268,70.0
OY_CYBA_N1_60gr_210910Run01,E12,het,0.398,0.0771,0.3714,0.1536,0.3979,70.0
OY_CYBA_N1_60gr_210910Run01,F01,hom1,0.569,0.0443,0.5693,0.1365,0.2499,68.0
OY_CYBA_N1_60gr_210910Run01,F02,hom1,0.505,0.0579,0.5054,0.1006,0.336,64.0
OY_CYBA_N1_60gr_210910Run01,F03,het,0.689,0.0063,0.2269,0.0781,0.6887,70.0
OY_CYBA_N1_60gr_210910Run01,F04,hom1,0.421,0.0145,0.4209,0.2142,0.3505,74.0
OY_CYBA_N1_60gr_210910Run01,F05,hom1,0.441,0.013,0.441,0.2871,0.259,69.0
OY_CYBA_N1_60gr_210910Run01,F06,hom1,0.431,0.033,0.4305,0.1294,0.4071,65.0
OY_CYBA_N1_60gr_210910Run01,F07,het,0.607,0.0067,0.2589,0.1274,0.607,75.0
OY_CYBA_N1_60gr_210910Run01,F08,het,0.412,0.0245,0.3523,0.2112,0.412,70.0
OY_CYBA_N1_60gr_210910Run01,F09,het,0.41,0.0517,0.3155,0.2223,0.4105,68.0
OY_CYBA_N1_60gr_210910Run01,F10,hom2,0.407,0.0421,0.3753,0.4068,0.1758,77.0
OY_CYBA_N1_60gr_210910Run01,F11,het,0.519,0.0216,0.3162,0.1427,0.5194,81.0
OY_CYBA_N1_60gr_210910Run01,F12,hom1,0.367,0.0792,0.3673,0.228,0.3255,73.0
OY_CYBA_N1_60gr_210910Run01,G01,hom1,0.431,0.0188,0.431,0.33,0.2202,69.0
OY_CYBA_N1_60gr_210910Run01,G02,hom1,0.468,0.0256,0.468,0.1434,0.363,70.0
OY_CYBA_N1_60gr_210910Run01,G03,hom1,0.465,0.0326,0.4652,0.0827,0.4195,69.0
OY_CYBA_N1_60gr_210910Run01,G04,hom1,0.699,0.0159,0.6994,0.1949,0.0898,74.0
OY_CYBA_N1_60gr_210910Run01,G05,het,0.457,0.0937,0.3527,0.0969,0.4567,78.0
OY_CYBA_N1_60gr_210910Run01,G06,hom1,0.399,0.0218,0.3988,0.2909,0.2885,80.0
OY_CYBA_N1_60gr_210910Run01,G07,hom1,0.451,0.0151,0.4511,0.2196,0.3142,62.0
OY_CYBA_N1_60gr_210910Run01,G08,hom1,0.432,0.0048,0.4323,0.2226,0.3403,64.0
OY_CYBA_N1_60gr_210910Run01,G09,hom1,0.481,0.0217,0.4809,0.3303,0.1672,72.0
OY_CYBA_N1_60gr_210910Run01,G10,hom1,0.395,0.0648,0.3945,0.3307,0.21,71.0
OY_CYBA_N1_60gr_210910Run01,G11,hom1,0.346,0.0127,0.3461,0.3148,0.3264,70.0
OY_CYBA_N1_60gr_210910Run01,G12,hom1,0.441,0.031,0.4411,0.0937,0.4341,75.0
OY_CYBA_N1_60gr_210910Run01,H01,hom1,0.478,0.1125,0.4782,0.0643,0.345,73.0
OY_CYBA_N1_60gr_210910Run01,H02,hom1,0.467,0.1076,0.4668,0.0786,0.347,68.0
OY_CYBA_N1_60gr_210910Run01,H03,het,0.655,0.0017,0.2682,0.0755,0.6546,74.0
OY_CYBA_N1_60gr_210910Run01,H04,hom2,0.405,0.002,0.3791,0.4048,0.2141,71.0
OY_CYBA_N1_60gr_210910Run01,H05,het,0.491,0.0247,0.3781,0.1059,0.4913,69.0
OY_CYBA_N1_60gr_210910Run01,H06,het,0.417,0.0163,0.3502,0.2163,0.4172,72.0
OY_CYBA_N1_60gr_210910Run01,H07,het,0.495,0.0982,0.2884,0.1186,0.4948,71.0
OY_CYBA_N1_60gr_210910Run01,H08,hom1,0.684,0.0225,0.6841,0.1401,0.1533,65.0
OY_CYBA_N1_60gr_210910Run01,H09,het,0.484,0.0714,0.3329,0.1121,0.4836,63.0
OY_CYBA_N1_60gr_210910Run01,H10,hom1,0.359,0.0138,0.3588,0.2928,0.3347,64.0
OY_CYBA_N1_60gr_210910Run01,H11,het,0.566,0.0282,0.2734,0.1328,0.5657,72.0
OY_CYBA_N1_60gr_210910Run01,H12,fail,0.37,0.37,0.2571,0.1255,0.2474,63.0
OY_CYBA_N2_59gr_200910Run01,A02,het,0.408,0.221,0.2643,0.1067,0.4079,72.0
OY_CYBA_N2_59gr_200910Run01,A03,hom1,0.417,0.0091,0.417,0.2357,0.3382,62.0
OY_CYBA_N2_59gr_200910Run01,A04,hom1,0.563,0.004,0.5629,0.2317,0.2014,68.0
OY_CYBA_N2_59gr_200910Run01,A05,hom1,0.449,0.0547,0.4491,0.2824,0.2138,62.0
OY_CYBA_N2_59gr_200910Run01,A06,fail,0.961,0.961,0.0115,0.0071,0.0204,70.0
OY_CYBA_N2_59gr_200910Run01,A07,hom1,0.496,0.0084,0.4956,0.2996,0.1964,77.0
OY_CYBA_N2_59gr_200910Run01,A08,het,0.461,0.0058,0.4247,0.1083,0.4612,55.0
OY_CYBA_N2_59gr_200910Run01,A09,hom1,0.473,0.07,0.4735,0.2221,0.2344,80.0
OY_CYBA_N2_59gr_200910Run01,A10,hom1,0.421,0.0,0.4209,0.2064,0.3727,68.0
OY_CYBA_N2_59gr_200910Run01,A11,het,0.483,0.0856,0.2496,0.1813,0.4834,57.0
OY_CYBA_N2_59gr_200910Run01,A12,het,0.405,0.2079,0.2612,0.1256,0.4052,74.0
OY_CYBA_N2_59gr_200910Run01,B01,het,0.491,0.0321,0.3619,0.1148,0.4913,75.0
OY_CYBA_N2_59gr_200910Run01,B02,fail,0.97,0.9697,0.0156,0.0044,0.0103,71.0
OY_CYBA_N2_59gr_200910Run01,B03,hom1,0.618,0.0043,0.6183,0.2298,0.1477,72.0
OY_CYBA_N2_59gr_200910Run01,B04,hom1,0.584,0.0156,0.5844,0.1829,0.217,75.0
OY_CYBA_N2_59gr_200910Run01,B05,hom1,0.427,0.0163,0.4267,0.3543,0.2027,68.0
OY_CYBA_N2_59gr_200910Run01,B06,het,0.462,0.0265,0.3155,0.1955,0.4625,71.0
OY_CYBA_N2_59gr_200910Run01,B07,hom1,0.554,0.0051,0.5544,0.2858,0.1547,76.0
OY_CYBA_N2_59gr_200910Run01,B08,het,0.52,0.0374,0.3302,0.1128,0.5197,63.0
OY_CYBA_N2_59gr_200910Run01,B09,hom1,0.395,0.0334,0.3952,0.1898,0.3816,67.0
OY_CYBA_N2_59gr_200910Run01,B10,hom2,0.358,0.0686,0.3311,0.3582,0.2421,80.0
OY_CYBA_N2_59gr_200910Run01,B11,hom1,0.36,0.0687,0.36,0.3566,0.2147,69.0
OY_CYBA_N2_59gr_200910Run01,B12,hom2,0.365,0.0306,0.2838,0.365,0.3206,66.0
OY_CYBA_N2_59gr_200910Run01,C02,hom1,0.444,0.0707,0.4437,0.1969,0.2886,67.0
OY_CYBA_N2_59gr_200910Run01,C03,het,0.452,0.0054,0.4387,0.104,0.452,65.0
OY_CYBA_N2_59gr_200910Run01,C04,hom1,0.495,0.0086,0.4952,0.2964,0.1998,78.0
OY_CYBA_N2_59gr_200910Run01,C05,het,0.486,0.0014,0.2969,0.2156,0.4861,76.0
OY_CYBA_N2_59gr_200910Run01,C06,het,0.619,0.0044,0.2064,0.17,0.6192,73.0
OY_CYBA_N2_59gr_200910Run01,C07,het,0.501,0.0302,0.351,0.1179,0.5009,70.0
OY_CYBA_N2_59gr_200910Run01,C08,het,0.592,0.0047,0.3273,0.0759,0.5921,71.0
OY_CYBA_N2_59gr_200910Run01,C09,hom1,0.365,0.0306,0.3646,0.3362,0.2685,73.0
OY_CYBA_N2_59gr_200910Run01,C10,het,0.478,0.0353,0.3264,0.1601,0.4782,68.0
OY_CYBA_N2_59gr_200910Run01,C11,hom1,0.414,0.0291,0.4143,0.3691,0.1876,69.0
OY_CYBA_N2_59gr_200910Run01,C12,hom1,0.361,0.0183,0.3608,0.2915,0.3293,76.0
OY_CYBA_N2_59gr_200910Run01,D01,het,0.447,0.0429,0.37,0.1403,0.4468,77.0
OY_CYBA_N2_59gr_200910Run01,D02,het,0.583,0.0033,0.2993,0.1147,0.5827,65.0
OY_CYBA_N2_59gr_200910Run01,D03,hom1,0.569,0.0136,0.5693,0.2028,0.2143,70.0
OY_CYBA_N2_59gr_200910Run01,D04,hom1,0.474,0.0069,0.4744,0.3423,0.1764,71.0
OY_CYBA_N2_59gr_200910Run01,D05,hom1,0.435,0.0187,0.4355,0.2707,0.2752,73.0
OY_CYBA_N2_59gr_200910Run01,D06,het,0.352,0.0894,0.3277,0.2306,0.3524,75.0
OY_CYBA_N2_59gr_200910Run01,D07,hom1,0.464,0.026,0.4642,0.3776,0.1322,64.0
OY_CYBA_N2_59gr_200910Run01,D08,het,0.406,0.0145,0.3836,0.1958,0.4061,66.0
OY_CYBA_N2_59gr_200910Run01,D09,hom1,0.425,0.0339,0.4253,0.2788,0.262,70.0
OY_CYBA_N2_59gr_200910Run01,D10,hom1,0.392,0.0458,0.392,0.3443,0.2179,62.0
OY_CYBA_N2_59gr_200910Run01,D11,fail,0.988,0.9878,0.0038,0.0,0.0084,72.0
OY_CYBA_N2_59gr_200910Run01,D12,hom1,0.351,0.0426,0.3515,0.3131,0.2928,66.0
OY_CYBA_N2_59gr_200910Run01,E01,het,0.499,0.0247,0.3184,0.1582,0.4987,73.0
OY_CYBA_N2_59gr_200910Run01,E02,het,0.457,0.0218,0.4005,0.1206,0.4571,66.0
OY_CYBA_N2_59gr_200910Run01,E03,hom1,0.611,0.0017,0.6112,0.2309,0.1562,71.0
OY_CYBA_N2_59gr_200910Run01,E04,hom1,0.538,0.0365,0.5379,0.2608,0.1648,62.0
OY_CYBA_N2_59gr_200910Run01,E05,het,0.506,0.0437,0.3093,0.141,0.506,74.0
OY_CYBA_N2_59gr_200910Run01,E06,het,0.468,0.014,0.3112,0.2067,0.4682,78.0
OY_CYBA_N2_59gr_200910Run01,E07,hom1,0.422,0.0283,0.4225,0.2444,0.3049,70.0
OY_CYBA_N2_59gr_200910Run01,E08,het,0.641,0.0541,0.226,0.0788,0.6411,83.0
OY_CYBA_N2_59gr_200910Run01,E09,hom1,0.598,0.0507,0.5984,0.2087,0.1422,76.0
OY_CYBA_N2_59gr_200910Run01,E10,hom1,0.406,0.022,0.4063,0.3111,0.2606,68.0
OY_CYBA_N2_59gr_200910Run01,E11,hom2,0.378,0.026,0.3484,0.3779,0.2477,68.0
OY_CYBA_N2_59gr_200910Run01,E12,hom1,0.342,0.0615,0.3416,0.2697,0.3272,67.0
OY_CYBA_N2_59gr_200910Run01,F01,het,0.449,0.0918,0.3464,0.1128,0.449,80.0
OY_CYBA_N2_59gr_200910Run01,F02,hom1,0.459,0.0277,0.4587,0.1236,0.39,75.0
OY_CYBA_N2_59gr_200910Run01,F03,hom1,0.659,0.0102,0.6594,0.1516,0.1788,65.0
OY_CYBA_N2_59gr_200910Run01,F04,hom1,0.5,0.0087,0.5,0.107,0.3843,69.0
OY_CYBA_N2_59gr_200910Run01,F05,het,0.696,0.0069,0.1753,0.1213,0.6965,67.0
OY_CYBA_N2_59gr_200910Run01,F06,het,0.625,0.0611,0.188,0.1263,0.6246,64.0
OY_CYBA_N2_59gr_200910Run01,F07,het,0.6,0.0073,0.2645,0.1286,0.5997,62.0
OY_CYBA_N2_59gr_200910Run01,F08,het,0.436,0.0007,0.4053,0.1584,0.4356,77.0
OY_CYBA_N2_59gr_200910Run01,F09,het,0.477,0.0146,0.3237,0.1845,0.4772,70.0
OY_CYBA_N2_59gr_200910Run01,F10,het,0.57,0.0065,0.2609,0.1624,0.5702,65.0
OY_CYBA_N2_59gr_200910Run01,F11,hom1,0.391,0.0286,0.3913,0.3052,0.2748,71.0
OY_CYBA_N2_59gr_200910Run01,F12,het,0.505,0.0077,0.2876,0.1999,0.5049,75.0
OY_CYBA_N2_59gr_200910Run01,G01,fail,0.38,0.38,0.2267,0.0847,0.3086,70.0
OY_CYBA_N2_59gr_200910Run01,G02,hom1,0.415,0.0843,0.4153,0.2638,0.2366,66.0
OY_CYBA_N2_59gr_200910Run01,G03,hom1,0.374,0.1767,0.3744,0.1295,0.3194,78.0
OY_CYBA_N2_59gr_200910Run01,G04,hom1,0.501,0.0265,0.5005,0.1447,0.3283,64.0
OY_CYBA_N2_59gr_200910Run01,G05,het,0.384,0.0439,0.3571,0.2148,0.3842,71.0
OY_CYBA_N2_59gr_200910Run01,G06,het,0.642,0.0143,0.181,0.1622,0.6425,64.0
OY_CYBA_N2_59gr_200910Run01,G07,hom1,0.472,0.0097,0.4721,0.2941,0.2242,69.0
OY_CYBA_N2_59gr_200910Run01,G08,hom1,0.479,0.0044,0.4793,0.1749,0.3414,73.0
OY_CYBA_N2_59gr_200910Run01,G09,hom1,0.465,0.0306,0.4649,0.3006,0.2039,65.0
OY_CYBA_N2_59gr_200910Run01,G10,hom2,0.376,0.0145,0.3377,0.3758,0.272,75.0
OY_CYBA_N2_59gr_200910Run01,G11,hom2,0.405,0.018,0.319,0.4053,0.2577,75.0
OY_CYBA_N2_59gr_200910Run01,G12,het,0.362,0.0315,0.3137,0.2927,0.362,66.0
OY_CYBA_N2_59gr_200910Run01,H01,het,0.376,0.3057,0.2458,0.0726,0.3758,74.0
OY_CYBA_N2_59gr_200910Run01,H02,hom1,0.479,0.0213,0.4793,0.0782,0.4212,74.0
OY_CYBA_N2_59gr_200910Run01,H03,het,0.462,0.0085,0.4066,0.1234,0.4615,77.0
OY_CYBA_N2_59gr_200910Run01,H04,het,0.507,0.013,0.363,0.1168,0.5072,52.0
OY_CYBA_N2_59gr_200910Run01,H05,het,0.411,0.0401,0.3663,0.1822,0.4114,73.0
OY_CYBA_N2_59gr_200910Run01,H06,het,0.411,0.1504,0.3019,0.1371,0.4106,61.0
OY_CYBA_N2_59gr_200910Run01,H07,het,0.465,0.0189,0.3629,0.1534,0.4648,62.0
OY_CYBA_N2_59gr_200910Run01,H08,hom2,0.408,0.0228,0.4034,0.4079,0.1659,61.0
OY_CYBA_N2_59gr_200910Run01,H09,hom1,0.476,0.014,0.4756,0.1483,0.3621,75.0
OY_CYBA_N2_59gr_200910Run01,H10,het,0.394,0.0214,0.3667,0.218,0.394,75.0
OY_CYBA_N2_59gr_200910Run01,H11,het,0.556,0.1609,0.2002,0.0824,0.5564,85.0
OY_CYBA_N2_59gr_200910Run01,H12,hom1,0.381,0.0486,0.3813,0.2888,0.2813,73.0
OY_CYBA_N2_60gr_210910Run01,A01,hom1,0.484,0.0396,0.4838,0.0973,0.3793,69.0
OY_CYBA_N2_60gr_210910Run01,A02,het,0.442,0.0256,0.429,0.103,0.4424,80.0
OY_CYBA_N2_60gr_210910Run01,A03,het,0.345,0.022,0.3443,0.2882,0.3455,79.0
OY_CYBA_N2_60gr_210910Run01,A04,hom1,0.399,0.0021,0.3987,0.2955,0.3037,67.0
OY_CYBA_N2_60gr_210910Run01,A05,het,0.497,0.0355,0.2749,0.1927,0.497,78.0
OY_CYBA_N2_60gr_210910Run01,A06,fail,0.888,0.8879,0.0485,0.0175,0.0461,69.0
OY_CYBA_N2_60gr_210910Run01,A07,hom1,0.443,0.0109,0.443,0.1056,0.4405,72.0
OY_CYBA_N2_60gr_210910Run01,A08,het,0.504,0.0163,0.3542,0.1259,0.5036,69.0
OY_CYBA_N2_60gr_210910Run01,A09,hom1,0.377,0.0767,0.377,0.3002,0.2461,72.0
OY_CYBA_N2_60gr_210910Run01,A10,hom1,0.404,0.1084,0.4044,0.2937,0.1935,57.0
OY_CYBA_N2_60gr_210910Run01,A11,het,0.625,0.003,0.2355,0.1367,0.6249,68.0
OY_CYBA_N2_60gr_210910Run01,A12,het,0.548,0.0142,0.3319,0.1057,0.5483,71.0
OY_CYBA_N2_60gr_210910Run01,B01,hom1,0.52,0.0204,0.5204,0.0579,0.4013,70.0
OY_CYBA_N2_60gr_210910Run01,B02,fail,0.958,0.9575,0.0129,0.0129,0.0167,71.0
OY_CYBA_N2_60gr_210910Run01,B03,hom1,0.526,0.0099,0.526,0.228,0.2362,75.0
OY_CYBA_N2_60gr_210910Run01,B04,hom1,0.415,0.0251,0.4153,0.4036,0.1559,54.0
OY_CYBA_N2_60gr_210910Run01,B05,het,0.454,0.008,0.3241,0.2141,0.4538,75.0
OY_CYBA_N2_60gr_210910Run01,B06,het,0.458,0.0033,0.3192,0.219,0.4585,70.0
OY_CYBA_N2_60gr_210910Run01,B07,hom1,0.495,0.0306,0.495,0.2441,0.2303,66.0
OY_CYBA_N2_60gr_210910Run01,B08,hom1,0.455,0.0659,0.4547,0.2254,0.254,68.0
OY_CYBA_N2_60gr_210910Run01,B10,hom1,0.426,0.0949,0.4257,0.2536,0.2258,61.0
OY_CYBA_N2_60gr_210910Run01,B11,hom1,0.475,0.0046,0.4751,0.3469,0.1734,75.0
OY_CYBA_N2_60gr_210910Run01,B12,hom1,0.43,0.0432,0.4302,0.2763,0.2503,76.0
OY_CYBA_N2_60gr_210910Run01,C01,hom1,0.436,0.04,0.4356,0.1039,0.4205,61.0
OY_CYBA_N2_60gr_210910Run01,C02,hom1,0.462,0.0578,0.4621,0.1093,0.3708,74.0
OY_CYBA_N2_60gr_210910Run01,C03,hom1,0.444,0.0147,0.4435,0.3155,0.2263,74.0
OY_CYBA_N2_60gr_210910Run01,C04,hom1,0.456,0.0353,0.4561,0.2732,0.2354,71.0
OY_CYBA_N2_60gr_210910Run01,C05,het,0.41,0.0024,0.3823,0.2052,0.4101,68.0
OY_CYBA_N2_60gr_210910Run01,C06,het,0.449,0.0227,0.3155,0.2129,0.4489,79.0
OY_CYBA_N2_60gr_210910Run01,C07,het,0.485,0.0185,0.314,0.1825,0.485,78.0
OY_CYBA_N2_60gr_210910Run01,C08,hom1,0.471,0.0118,0.4711,0.2797,0.2374,70.0
OY_CYBA_N2_60gr_210910Run01,C09,hom2,0.363,0.0145,0.362,0.3633,0.2602,73.0
OY_CYBA_N2_60gr_210910Run01,C10,fail,0.447,0.4469,0.1982,0.1179,0.2369,65.0
OY_CYBA_N2_60gr_210910Run01,C11,hom1,0.599,0.0057,0.5991,0.2621,0.1331,70.0
OY_CYBA_N2_60gr_210910Run01,C12,hom2,0.401,0.0065,0.3349,0.4013,0.2572,63.0
OY_CYBA_N2_60gr_210910Run01,D01,hom1,0.528,0.0263,0.5281,0.0913,0.3544,74.0
OY_CYBA_N2_60gr_210910Run01,D02,het,0.434,0.0254,0.4024,0.1384,0.4338,61.0
OY_CYBA_N2_60gr_210910Run01,D03,hom1,0.489,0.0064,0.489,0.2803,0.2243,66.0
OY_CYBA_N2_60gr_210910Run01,D04,hom1,0.519,0.0685,0.5192,0.2159,0.1964,76.0
OY_CYBA_N2_60gr_210910Run01,D05,het,0.488,0.048,0.2655,0.1985,0.488,74.0
OY_CYBA_N2_60gr_210910Run01,D06,het,0.549,0.0548,0.2826,0.1139,0.5488,72.0
OY_CYBA_N2_60gr_210910Run01,D07,hom1,0.452,0.0243,0.4518,0.3031,0.2209,72.0
OY_CYBA_N2_60gr_210910Run01,D08,hom1,0.461,0.0048,0.4614,0.1215,0.4123,71.0
OY_CYBA_N2_60gr_210910Run01,D09,hom1,0.393,0.0511,0.3931,0.3712,0.1847,68.0
OY_CYBA_N2_60gr_210910Run01,D10,hom1,0.399,0.0513,0.3989,0.3503,0.1996,69.0
OY_CYBA_N2_60gr_210910Run01,D11,fail,0.959,0.959,0.017,0.005,0.0191,71.0
OY_CYBA_N2_60gr_210910Run01,D12,hom2,0.475,0.0192,0.3117,0.4748,0.1942,73.0
OY_CYBA_N2_60gr_210910Run01,E01,hom1,0.541,0.0268,0.5406,0.0862,0.3464,70.0
OY_CYBA_N2_60gr_210910Run01,E02,hom1,0.482,0.0279,0.4817,0.1113,0.3792,73.0
OY_CYBA_N2_60gr_210910Run01,E03,hom1,0.492,0.0291,0.4923,0.3018,0.1769,85.0
OY_CYBA_N2_60gr_210910Run01,E04,hom1,0.528,0.0095,0.5283,0.3323,0.1299,68.0
OY_CYBA_N2_60gr_210910Run01,E05,het,0.437,0.0233,0.3972,0.1428,0.4367,72.0
OY_CYBA_N2_60gr_210910Run01,E06,het,0.375,0.0126,0.3717,0.2411,0.3746,71.0
OY_CYBA_N2_60gr_210910Run01,E07,hom1,0.405,0.0169,0.4053,0.2004,0.3774,69.0
OY_CYBA_N2_60gr_210910Run01,E08,het,0.522,0.0138,0.3055,0.1587,0.522,69.0
OY_CYBA_N2_60gr_210910Run01,E09,hom1,0.416,0.0921,0.4159,0.2582,0.2338,68.0
OY_CYBA_N2_60gr_210910Run01,E10,hom1,0.507,0.0152,0.5069,0.2679,0.2101,64.0
OY_CYBA_N2_60gr_210910Run01,E11,hom2,0.417,0.0049,0.3609,0.4167,0.2176,77.0
OY_CYBA_N2_60gr_210910Run01,E12,hom1,0.363,0.0437,0.3628,0.3439,0.2496,62.0
OY_CYBA_N2_60gr_210910Run01,F01,hom1,0.481,0.0169,0.4814,0.0848,0.4169,74.0
OY_CYBA_N2_60gr_210910Run01,F02,hom1,0.463,0.0456,0.4626,0.1098,0.382,65.0
OY_CYBA_N2_60gr_210910Run01,F03,het,0.405,0.0055,0.3764,0.2131,0.4049,75.0
OY_CYBA_N2_60gr_210910Run01,F04,hom2,0.445,0.0123,0.3409,0.4453,0.2015,77.0
OY_CYBA_N2_60gr_210910Run01,F05,het,0.518,0.0138,0.3098,0.1581,0.5183,73.0
OY_CYBA_N2_60gr_210910Run01,F06,hom1,0.448,0.0074,0.4485,0.3712,0.173,71.0
OY_CYBA_N2_60gr_210910Run01,F07,het,0.462,0.0033,0.3472,0.188,0.4615,76.0
OY_CYBA_N2_60gr_210910Run01,F08,hom1,0.453,0.013,0.4531,0.1639,0.37,69.0
OY_CYBA_N2_60gr_210910Run01,F09,hom1,0.411,0.023,0.4115,0.2502,0.3154,74.0
OY_CYBA_N2_60gr_210910Run01,F10,het,0.439,0.1253,0.2744,0.1611,0.4392,74.0
OY_CYBA_N2_60gr_210910Run01,F11,hom1,0.412,0.0003,0.4118,0.3612,0.2267,71.0
OY_CYBA_N2_60gr_210910Run01,F12,hom1,0.516,0.0208,0.5163,0.1778,0.2851,56.0
OY_CYBA_N2_60gr_210910Run01,G01,het,0.35,0.3131,0.2639,0.0731,0.3499,78.0
OY_CYBA_N2_60gr_210910Run01,G02,hom1,0.471,0.0279,0.471,0.1013,0.3997,63.0
OY_CYBA_N2_60gr_210910Run01,G03,het,0.363,0.2232,0.3208,0.0931,0.363,69.0
OY_CYBA_N2_60gr_210910Run01,G04,het,0.462,0.0019,0.4107,0.1255,0.4619,64.0
OY_CYBA_N2_60gr_210910Run01,G05,het,0.426,0.002,0.389,0.1834,0.4256,64.0
OY_CYBA_N2_60gr_210910Run01,G06,het,0.477,0.0065,0.3417,0.1745,0.4773,73.0
OY_CYBA_N2_60gr_210910Run01,G07,hom1,0.411,0.0118,0.4106,0.3477,0.2299,70.0
OY_CYBA_N2_60gr_210910Run01,G08,het,0.497,0.0066,0.3636,0.1326,0.4972,78.0
OY_CYBA_N2_60gr_210910Run01,G09,hom1,0.5,0.0284,0.4998,0.2836,0.1882,63.0
OY_CYBA_N2_60gr_210910Run01,G10,hom1,0.402,0.0501,0.402,0.3121,0.2357,66.0
OY_CYBA_N2_60gr_210910Run01,G11,hom2,0.408,0.0176,0.3684,0.408,0.206,62.0
OY_CYBA_N2_60gr_210910Run01,G12,het,0.449,0.0096,0.3817,0.1601,0.4486,63.0
OY_CYBA_N2_60gr_210910Run01,H01,het,0.34,0.2681,0.3189,0.0731,0.3399,71.0
OY_CYBA_N2_60gr_210910Run01,H02,hom1,0.447,0.0563,0.4466,0.101,0.3961,74.0
OY_CYBA_N2_60gr_210910Run01,H03,het,0.526,0.011,0.3667,0.0965,0.5258,76.0
OY_CYBA_N2_60gr_210910Run01,H04,het,0.383,0.0145,0.35,0.2529,0.3826,63.0
OY_CYBA_N2_60gr_210910Run01,H05,het,0.412,0.0271,0.3502,0.2111,0.4116,59.0
OY_CYBA_N2_60gr_210910Run01,H06,het,0.408,0.0363,0.3651,0.1902,0.4084,73.0
OY_CYBA_N2_60gr_210910Run01,H07,het,0.494,0.0033,0.3621,0.1404,0.4942,72.0
OY_CYBA_N2_60gr_210910Run01,H08,hom1,0.595,0.0416,0.5952,0.1903,0.1729,72.0
OY_CYBA_N2_60gr_210910Run01,H09,het,0.47,0.0077,0.3666,0.1559,0.4699,74.0
OY_CYBA_N2_60gr_210910Run01,H10,hom1,0.419,0.0781,0.419,0.2936,0.2093,73.0
OY_CYBA_N2_60gr_210910Run01,H11,het,0.508,0.0206,0.3312,0.1398,0.5084,66.0
OY_CYBA_N2_60gr_210910Run01,H12,hom1,0.412,0.005,0.4123,0.295,0.2877,72.0
OY_CYBA_N3_210910Run01,A01,hom1,0.609,0.065,0.6088,0.1911,0.1351,68.0
OY_CYBA_N3_210910Run01,A02,hom1,0.475,0.0161,0.4745,0.2476,0.2617,74.0
OY_CYBA_N3_210910Run01,A03,hom1,0.418,0.009,0.4178,0.1611,0.4121,70.0
OY_CYBA_N3_210910Run01,A04,het,0.712,0.012,0.2068,0.0691,0.7122,68.0
OY_CYBA_N3_210910Run01,A05,het,0.406,0.0111,0.3904,0.1924,0.406,69.0
OY_CYBA_N3_210910Run01,A06,fail,1.0,1.0,0.0,0.0,0.0,70.0
OY_CYBA_N3_210910Run01,A07,hom1,0.459,0.0161,0.4595,0.3275,0.1969,62.0
OY_CYBA_N3_210910Run01,A08,hom2,0.404,0.0097,0.3992,0.4042,0.1868,73.0
OY_CYBA_N3_210910Run01,A09,fail,0.303,0.303,0.3016,0.2127,0.1828,73.0
OY_CYBA_N3_210910Run01,A10,het,0.283,0.2676,0.2659,0.183,0.2834,77.0
OY_CYBA_N3_210910Run01,A11,hom1,0.548,0.0071,0.5481,0.3142,0.1305,66.0
OY_CYBA_N3_210910Run01,A12,hom1,0.535,0.0254,0.5355,0.2347,0.2044,70.0
OY_CYBA_N3_210910Run01,B01,hom1,0.647,0.0282,0.6473,0.1841,0.1405,68.0
OY_CYBA_N3_210910Run01,B02,fail,1.0,1.0,0.0,0.0,0.0,66.0
OY_CYBA_N3_210910Run01,B03,hom1,0.674,0.0433,0.6743,0.148,0.1343,78.0
OY_CYBA_N3_210910Run01,B04,hom1,0.517,0.0147,0.5172,0.2215,0.2466,78.0
OY_CYBA_N3_210910Run01,B05,hom1,0.386,0.0437,0.3859,0.2096,0.3609,60.0
OY_CYBA_N3_210910Run01,B06,hom1,0.406,0.0098,0.4058,0.2058,0.3786,67.0
OY_CYBA_N3_210910Run01,B07,hom1,0.42,0.0586,0.4205,0.4055,0.1154,68.0
OY_CYBA_N3_210910Run01,B08,hom1,0.412,0.0476,0.4124,0.3117,0.2283,65.0
OY_CYBA_N3_210910Run01,B09,fail,0.448,0.4476,0.2371,0.1432,0.172,74.0
OY_CYBA_N3_210910Run01,B10,hom1,0.325,0.1692,0.3253,0.259,0.2466,90.0
OY_CYBA_N3_210910Run01,B11,het,0.411,0.0137,0.3488,0.2263,0.4113,59.0
OY_CYBA_N3_210910Run01,B12,hom1,0.567,0.0268,0.5665,0.279,0.1277,66.0
OY_CYBA_N3_210910Run01,C01,hom1,0.437,0.0114,0.4372,0.1246,0.4268,69.0
OY_CYBA_N3_210910Run01,C02,hom1,0.463,0.0306,0.4627,0.0977,0.4089,68.0
OY_CYBA_N3_210910Run01,C03,het,0.559,0.0112,0.2772,0.1525,0.5591,71.0
OY_CYBA_N3_210910Run01,C04,het,0.621,0.0201,0.2557,0.103,0.6212,65.0
OY_CYBA_N3_210910Run01,C05,het,0.587,0.0103,0.317,0.0859,0.5867,70.0
OY_CYBA_N3_210910Run01,C06,hom1,0.516,0.0064,0.5163,0.3201,0.1572,78.0
OY_CYBA_N3_210910Run01,C07,het,0.482,0.0496,0.2975,0.1713,0.4815,64.0
OY_CYBA_N3_210910Run01,C08,het,0.574,0.0127,0.2548,0.1588,0.5736,80.0
OY_CYBA_N3_210910Run01,C09,het,0.58,0.0203,0.2328,0.1664,0.5804,69.0
OY_CYBA_N3_210910Run01,C10,het,0.423,0.1409,0.2327,0.2038,0.4225,66.0
OY_CYBA_N3_210910Run01,C11,hom1,0.607,0.004,0.6072,0.2417,0.1472,64.0
OY_CYBA_N3_210910Run01,C12,het,0.35,0.0165,0.3354,0.2978,0.3503,57.0
OY_CYBA_N3_210910Run01,D01,hom1,0.442,0.011,0.4416,0.1091,0.4384,58.0
OY_CYBA_N3_210910Run01,D02,het,0.458,0.0174,0.343,0.1811,0.4584,70.0
OY_CYBA_N3_210910Run01,D03,hom1,0.518,0.0159,0.518,0.2603,0.2058,59.0
OY_CYBA_N3_210910Run01,D04,het,0.407,0.0484,0.3745,0.1699,0.4071,69.0
OY_CYBA_N3_210910Run01,D05,het,0.648,0.0109,0.2603,0.0812,0.6475,69.0
OY_CYBA_N3_210910Run01,D06,hom1,0.616,0.0263,0.616,0.1795,0.1781,65.0
OY_CYBA_N3_210910Run01,D07,het,0.588,0.0049,0.2403,0.1664,0.5884,58.0
OY_CYBA_N3_210910Run01,D08,hom1,0.653,0.0246,0.6526,0.2265,0.0964,73.0
OY_CYBA_N3_210910Run01,D09,hom1,0.348,0.157,0.3479,0.2741,0.2209,67.0
OY_CYBA_N3_210910Run01,D10,het,0.569,0.0471,0.2305,0.1537,0.5687,68.0
OY_CYBA_N3_210910Run01,D11,fail,0.988,0.9877,0.0047,0.0,0.0076,70.0
OY_CYBA_N3_210910Run01,D12,hom1,0.496,0.0123,0.4962,0.2743,0.2171,70.0
OY_CYBA_N3_210910Run01,E01,hom1,0.454,0.0222,0.4543,0.1154,0.4081,69.0
OY_CYBA_N3_210910Run01,E02,hom1,0.479,0.0514,0.4792,0.1294,0.3401,67.0
OY_CYBA_N3_210910Run01,E03,het,0.449,0.0067,0.3616,0.1825,0.4492,76.0
OY_CYBA_N3_210910Run01,E04,hom1,0.483,0.0189,0.483,0.2527,0.2454,60.0
OY_CYBA_N3_210910Run01,E05,hom2,0.46,0.0234,0.3982,0.4602,0.1182,69.0
OY_CYBA_N3_210910Run01,E06,hom1,0.512,0.0127,0.5121,0.2977,0.1776,73.0
OY_CYBA_N3_210910Run01,E07,het,0.551,0.0167,0.2884,0.1438,0.5511,71.0
OY_CYBA_N3_210910Run01,E08,hom2,0.384,0.0967,0.374,0.3843,0.145,77.0
OY_CYBA_N3_210910Run01,E09,het,0.37,0.3005,0.1771,0.1524,0.37,72.0
OY_CYBA_N3_210910Run01,E10,het,0.383,0.2308,0.2181,0.1679,0.3833,65.0
OY_CYBA_N3_210910Run01,E11,hom1,0.56,0.0024,0.5603,0.2924,0.1449,72.0
OY_CYBA_N3_210910Run01,E12,hom1,0.57,0.0095,0.5696,0.1841,0.2368,70.0
OY_CYBA_N3_210910Run01,F01,hom1,0.551,0.0306,0.5507,0.2519,0.1669,59.0
OY_CYBA_N3_210910Run01,F02,hom1,0.473,0.0601,0.473,0.3259,0.141,78.0
OY_CYBA_N3_210910Run01,F03,het,0.747,0.0063,0.1862,0.0604,0.7471,75.0
OY_CYBA_N3_210910Run01,F04,het,0.515,0.0,0.3684,0.1164,0.5151,69.0
OY_CYBA_N3_210910Run01,F05,hom1,0.416,0.0307,0.4156,0.397,0.1567,68.0
OY_CYBA_N3_210910Run01,F06,hom1,0.398,0.0093,0.3978,0.3872,0.2057,73.0
OY_CYBA_N3_210910Run01,F07,het,0.632,0.0227,0.2167,0.129,0.6316,81.0
OY_CYBA_N3_210910Run01,F08,hom2,0.427,0.004,0.4012,0.4269,0.1678,81.0
OY_CYBA_N3_210910Run01,F09,het,0.57,0.0259,0.2241,0.1795,0.5705,76.0
OY_CYBA_N3_210910Run01,F10,het,0.355,0.2816,0.2009,0.1622,0.3552,73.0
OY_CYBA_N3_210910Run01,F11,hom1,0.55,0.0159,0.5502,0.2213,0.2125,79.0
OY_CYBA_N3_210910Run01,F12,het,0.594,0.005,0.2607,0.1408,0.5935,71.0
OY_CYBA_N3_210910Run01,G01,hom1,0.507,0.0352,0.5069,0.22,0.2379,66.0
