folder,well,prediction,confidence,prob_fail,prob_hom1,prob_hom2,prob_het,raw_IS_spread
OY_ABCC2_N10_170910Run01,A01,hom1,0.477,0.0457,0.4769,0.2579,0.2196,290.0
OY_ABCC2_N10_170910Run01,A02,hom1,0.481,0.0345,0.4805,0.2768,0.2082,307.0
OY_ABCC2_N10_170910Run01,A03,het,0.493,0.0177,0.3378,0.1513,0.4932,296.0
OY_ABCC2_N10_170910Run01,A04,hom1,0.433,0.0319,0.4335,0.3247,0.2099,299.0
OY_ABCC2_N10_170910Run01,A05,hom1,0.522,0.0263,0.5225,0.1376,0.3137,309.0
OY_ABCC2_N10_170910Run01,A06,fail,0.994,0.994,0.0038,0.0004,0.0018,302.0
OY_ABCC2_N10_170910Run01,A07,het,0.658,0.0379,0.1541,0.1501,0.658,302.0
OY_ABCC2_N10_170910Run01,A08,hom1,0.426,0.0094,0.4259,0.3714,0.1932,305.0
OY_ABCC2_N10_170910Run01,A09,hom1,0.475,0.0033,0.4748,0.197,0.3249,314.0
OY_ABCC2_N10_170910Run01,A10,het,0.509,0.0178,0.316,0.1576,0.5087,307.0
OY_ABCC2_N10_170910Run01,A11,het,0.637,0.0111,0.2218,0.1299,0.6373,292.0
OY_ABCC2_N10_170910Run01,A12,hom1,0.357,0.0097,0.3573,0.3474,0.2857,300.0
OY_ABCC2_N10_170910Run01,B01,het,0.433,0.0516,0.3319,0.1833,0.4332,301.0
OY_ABCC2_N10_170910Run01,B02,fail,0.811,0.8107,0.0679,0.0247,0.0967,305.0
OY_ABCC2_N10_170910Run01,B03,hom1,0.713,0.0215,0.7132,0.149,0.1162,303.0
OY_ABCC2_N10_170910Run01,B04,hom1,0.631,0.0105,0.6313,0.2626,0.0956,301.0
OY_ABCC2_N10_170910Run01,B05,hom1,0.533,0.0919,0.533,0.1279,0.2472,304.0
OY_ABCC2_N10_170910Run01,B06,het,0.4,0.1998,0.3175,0.0824,0.4002,301.0
OY_ABCC2_N10_170910Run01,B07,het,0.656,0.025,0.1793,0.14,0.6556,301.0
OY_ABCC2_N10_170910Run01,B08,hom1,0.497,0.0144,0.4967,0.2833,0.2056,296.0
OY_ABCC2_N10_170910Run01,B09,hom1,0.346,0.0076,0.3461,0.3106,0.3357,296.0
OY_ABCC2_N10_170910Run01,B10,het,0.655,0.0149,0.2499,0.0807,0.6545,303.0
OY_ABCC2_N10_170910Run01,B11,hom2,0.392,0.005,0.35,0.392,0.2531,297.0
OY_ABCC2_N10_170910Run01,B12,het,0.514,0.0118,0.2997,0.1745,0.5141,311.0
OY_ABCC2_N10_170910Run01,C01,hom1,0.425,0.0237,0.4246,0.2597,0.2921,312.0
OY_ABCC2_N10_170910Run01,C02,het,0.522,0.0329,0.3035,0.142,0.5215,321.0
OY_ABCC2_N10_170910Run01,C03,hom1,0.585,0.0167,0.585,0.2803,0.118,307.0
OY_ABCC2_N10_170910Run01,C04,hom1,0.429,0.0548,0.4293,0.3591,0.1568,310.0
OY_ABCC2_N10_170910Run01,C05,hom1,0.45,0.0188,0.4501,0.1457,0.3854,311.0
OY_ABCC2_N10_170910Run01,C06,hom1,0.418,0.0124,0.418,0.4092,0.1604,298.0
OY_ABCC2_N10_170910Run01,C07,het,0.408,0.0407,0.3805,0.171,0.4078,296.0
OY_ABCC2_N10_170910Run01,C08,hom1,0.473,0.0172,0.473,0.2817,0.2281,299.0
OY_ABCC2_N10_170910Run01,C09,hom1,0.377,0.0808,0.3772,0.17,0.3719,304.0
OY_ABCC2_N10_170910Run01,C10,het,0.552,0.0042,0.3398,0.1035,0.5525,304.0
OY_ABCC2_N10_170910Run01,C11,hom1,0.446,0.0128,0.4465,0.228,0.3127,307.0
OY_ABCC2_N10_170910Run01,C12,het,0.448,0.0088,0.2861,0.2567,0.4485,306.0
OY_ABCC2_N10_170910Run01,D01,het,0.537,0.0944,0.2155,0.1534,0.5367,303.0
OY_ABCC2_N10_170910Run01,D02,het,0.435,0.0565,0.3438,0.1642,0.4355,302.0
OY_ABCC2_N10_170910Run01,D03,hom1,0.44,0.0052,0.4403,0.2479,0.3066,306.0
OY_ABCC2_N10_170910Run01,D04,hom1,0.566,0.0296,0.5664,0.2681,0.1359,298.0
OY_ABCC2_N10_170910Run01,D05,hom1,0.423,0.0348,0.423,0.2862,0.256,307.0
OY_ABCC2_N10_170910Run01,D06,het,0.469,0.0193,0.3626,0.149,0.4691,302.0
OY_ABCC2_N10_170910Run01,D07,het,0.462,0.0863,0.2474,0.2043,0.4621,318.0
OY_ABCC2_N10_170910Run01,D08,hom1,0.484,0.0226,0.4839,0.3294,0.1641,302.0
OY_ABCC2_N10_170910Run01,D09,hom1,0.374,0.0154,0.3736,0.2757,0.3353,309.0
OY_ABCC2_N10_170910Run01,D10,hom1,0.714,0.0115,0.7145,0.1413,0.1327,295.0
OY_ABCC2_N10_170910Run01,D11,fail,0.995,0.9947,0.0003,0.0037,0.0013,304.0
OY_ABCC2_N10_170910Run01,D12,het,0.478,0.0111,0.3401,0.1711,0.4777,305.0
OY_ABCC2_N10_170910Run01,E01,het,0.479,0.2006,0.2171,0.1033,0.4789,296.0
OY_ABCC2_N10_170910Run01,E02,hom1,0.419,0.0082,0.4188,0.2543,0.3187,304.0
OY_ABCC2_N10_170910Run01,E03,hom1,0.651,0.018,0.6512,0.2227,0.1082,300.0
OY_ABCC2_N10_170910Run01,E04,hom1,0.391,0.0041,0.3912,0.2434,0.3613,309.0
OY_ABCC2_N10_170910Run01,E05,hom1,0.396,0.1487,0.3962,0.0954,0.3597,306.0
OY_ABCC2_N10_170910Run01,E06,hom1,0.556,0.0267,0.5559,0.2677,0.1497,301.0
OY_ABCC2_N10_170910Run01,E07,het,0.545,0.0027,0.2533,0.1995,0.5445,301.0
OY_ABCC2_N10_170910Run01,E08,hom1,0.452,0.0543,0.4517,0.283,0.211,310.0
OY_ABCC2_N10_170910Run01,E09,het,0.549,0.0062,0.3162,0.1284,0.5491,302.0
OY_ABCC2_N10_170910Run01,E10,het,0.639,0.0095,0.2164,0.1354,0.6387,303.0
OY_ABCC2_N10_170910Run01,E11,het,0.344,0.0083,0.3435,0.3043,0.3439,308.0
OY_ABCC2_N10_170910Run01,E12,hom1,0.375,0.0129,0.3753,0.3404,0.2714,314.0
OY_ABCC2_N10_170910Run01,F01,het,0.424,0.012,0.3034,0.2605,0.4242,304.0
OY_ABCC2_N10_170910Run01,F02,het,0.47,0.0213,0.3404,0.1678,0.4705,302.0
OY_ABCC2_N10_170910Run01,F03,hom1,0.393,0.0266,0.3933,0.2624,0.3176,304.0
OY_ABCC2_N10_170910Run01,F04,het,0.543,0.0155,0.2919,0.1499,0.5427,302.0
OY_ABCC2_N10_170910Run01,F05,hom1,0.536,0.0165,0.5356,0.2032,0.2447,304.0
OY_ABCC2_N10_170910Run01,F06,het,0.594,0.0214,0.298,0.0866,0.5939,301.0
OY_ABCC2_N10_170910Run01,F07,het,0.583,0.0066,0.1969,0.2138,0.5828,304.0
OY_ABCC2_N10_170910Run01,F08,hom1,0.426,0.0194,0.4259,0.4142,0.1405,294.0
OY_ABCC2_N10_170910Run01,F09,het,0.522,0.0119,0.3245,0.142,0.5216,303.0
OY_ABCC2_N10_170910Run01,F10,hom1,0.388,0.0147,0.3881,0.3042,0.293,301.0
OY_ABCC2_N10_170910Run01,F11,het,0.358,0.0045,0.3379,0.2998,0.3578,305.0
OY_ABCC2_N10_170910Run01,F12,hom1,0.444,0.0143,0.4445,0.322,0.2192,308.0
OY_ABCC2_N10_170910Run01,G01,het,0.466,0.1394,0.2463,0.1482,0.4661,295.0
OY_ABCC2_N10_170910Run01,G02,het,0.45,0.026,0.3297,0.1948,0.4496,303.0
OY_ABCC2_N10_170910Run01,G03,het,0.379,0.0128,0.3314,0.2764,0.3794,297.0
OY_ABCC2_N10_170910Run01,G04,het,0.402,0.0458,0.3815,0.1709,0.4017,299.0
OY_ABCC2_N10_170910Run01,G05,het,0.471,0.0357,0.3757,0.1175,0.4712,304.0
OY_ABCC2_N10_170910Run01,G06,het,0.474,0.0214,0.3761,0.1281,0.4743,299.0
OY_ABCC2_N10_170910Run01,G07,het,0.633,0.0033,0.2212,0.1423,0.6331,299.0
OY_ABCC2_N10_170910Run01,G08,hom2,0.453,0.0081,0.3575,0.4525,0.1818,300.0
OY_ABCC2_N10_170910Run01,G09,het,0.591,0.0,0.2704,0.1383,0.5914,295.0
OY_ABCC2_N10_170910Run01,G10,het,0.61,0.0645,0.2379,0.0879,0.6097,302.0
OY_ABCC2_N10_170910Run01,G11,het,0.511,0.0222,0.2539,0.213,0.5109,304.0
OY_ABCC2_N10_170910Run01,G12,hom1,0.584,0.0332,0.5838,0.2614,0.1216,301.0
OY_ABCC2_N10_170910Run01,H01,hom1,0.418,0.0706,0.4179,0.312,0.1995,302.0
OY_ABCC2_N10_170910Run01,H02,het,0.536,0.0106,0.2991,0.1544,0.5359,296.0
OY_ABCC2_N10_170910Run01,H03,hom1,0.396,0.0999,0.3965,0.3514,0.1523,303.0
OY_ABCC2_N10_170910Run01,H04,hom1,0.388,0.0612,0.3883,0.2627,0.2878,305.0
OY_ABCC2_N10_170910Run01,H05,hom1,0.497,0.0331,0.4967,0.3428,0.1274,310.0
OY_ABCC2_N10_170910Run01,H06,het,0.441,0.0208,0.4099,0.1279,0.4414,309.0
OY_ABCC2_N10_170910Run01,H07,het,0.385,0.0135,0.3006,0.3004,0.3855,314.0
OY_ABCC2_N10_170910Run01,H08,fail,0.347,0.3468,0.1995,0.1209,0.3328,307.0
OY_ABCC2_N10_170910Run01,H09,hom2,0.62,0.0149,0.2602,0.6204,0.1045,305.0
OY_ABCC2_N10_170910Run01,H10,het,0.485,0.0348,0.3182,0.1616,0.4854,303.0
OY_ABCC2_N10_170910Run01,H11,fail,0.456,0.456,0.1392,0.138,0.2668,304.0
OY_ABCC2_N10_170910Run01,H12,hom1,0.597,0.0903,0.5972,0.1947,0.1178,304.0
OY_ABCC2_N11_010910Run01,A01,hom1,0.327,0.1459,0.3274,0.2977,0.229,301.0
OY_ABCC2_N11_010910Run01,A02,hom1,0.428,0.0176,0.4277,0.3077,0.247,304.0
OY_ABCC2_N11_010910Run01,A03,hom1,0.729,0.0183,0.729,0.1337,0.119,307.0
OY_ABCC2_N11_010910Run01,A04,het,0.469,0.0107,0.3635,0.1571,0.4687,315.0
OY_ABCC2_N11_010910Run01,A05,hom2,0.508,0.0104,0.3489,0.5077,0.1329,303.0
OY_ABCC2_N11_010910Run01,A06,fail,0.415,0.4147,0.2082,0.0917,0.2854,300.0
OY_ABCC2_N11_010910Run01,A07,hom1,0.491,0.0045,0.4913,0.4164,0.0877,303.0
OY_ABCC2_N11_010910Run01,A08,hom1,0.493,0.0135,0.4925,0.294,0.1999,304.0
OY_ABCC2_N11_010910Run01,A09,hom1,0.495,0.015,0.4951,0.1987,0.2912,304.0
OY_ABCC2_N11_010910Run01,A10,fail,0.631,0.6309,0.1575,0.0711,0.1406,301.0
OY_ABCC2_N11_010910Run01,A11,het,0.555,0.0109,0.2371,0.1973,0.5547,302.0
OY_ABCC2_N11_010910Run01,A12,hom1,0.333,0.0184,0.3335,0.3332,0.315,296.0
OY_ABCC2_N11_010910Run01,B01,het,0.508,0.0357,0.3412,0.1152,0.5079,301.0
OY_ABCC2_N11_010910Run01,B02,fail,0.617,0.6168,0.1549,0.0963,0.1321,298.0
OY_ABCC2_N11_010910Run01,B03,het,0.621,0.0208,0.2397,0.118,0.6215,306.0
OY_ABCC2_N11_010910Run01,B04,hom1,0.597,0.0066,0.5969,0.2716,0.1249,304.0
OY_ABCC2_N11_010910Run01,B05,het,0.487,0.0119,0.3093,0.1922,0.4866,307.0
OY_ABCC2_N11_010910Run01,B06,hom1,0.459,0.1026,0.4587,0.2909,0.1478,298.0
OY_ABCC2_N11_010910Run01,B07,hom1,0.639,0.0035,0.6389,0.2276,0.1299,300.0
OY_ABCC2_N11_010910Run01,B08,het,0.498,0.0355,0.3274,0.1391,0.4979,302.0
OY_ABCC2_N11_010910Run01,B09,het,0.742,0.0147,0.1497,0.0934,0.7423,298.0
OY_ABCC2_N11_010910Run01,B10,hom1,0.37,0.0783,0.3702,0.2092,0.3422,303.0
OY_ABCC2_N11_010910Run01,B11,fail,0.635,0.6351,0.1499,0.0671,0.148,301.0
OY_ABCC2_N11_010910Run01,B12,fail,0.647,0.6474,0.1484,0.0741,0.1301,302.0
OY_ABCC2_N11_010910Run01,C01,het,0.715,0.0236,0.1894,0.0719,0.7151,302.0
OY_ABCC2_N11_010910Run01,C02,hom1,0.662,0.0047,0.6621,0.2329,0.1004,307.0
OY_ABCC2_N11_010910Run01,C03,hom1,0.61,0.0214,0.6101,0.1892,0.1793,292.0
OY_ABCC2_N11_010910Run01,C04,het,0.613,0.0372,0.2131,0.1371,0.6126,304.0
OY_ABCC2_N11_010910Run01,C05,het,0.546,0.0109,0.284,0.1592,0.5459,307.0
OY_ABCC2_N11_010910Run01,C06,het,0.45,0.0464,0.2873,0.2167,0.4496,296.0
OY_ABCC2_N11_010910Run01,C07,hom1,0.5,0.0167,0.4997,0.3647,0.1189,306.0
OY_ABCC2_N11_010910Run01,C08,het,0.595,0.0259,0.2318,0.1473,0.595,306.0
OY_ABCC2_N11_010910Run01,C09,hom1,0.642,0.0096,0.6425,0.1959,0.152,300.0
OY_ABCC2_N11_010910Run01,C10,het,0.456,0.0157,0.3739,0.1543,0.4561,299.0
OY_ABCC2_N11_010910Run01,C11,hom2,0.555,0.0191,0.3117,0.5554,0.1138,304.0
OY_ABCC2_N11_010910Run01,C12,fail,0.663,0.6634,0.1326,0.0638,0.1402,305.0
OY_ABCC2_N11_010910Run01,D01,het,0.443,0.0117,0.338,0.2069,0.4433,300.0
OY_ABCC2_N11_010910Run01,D02,het,0.443,0.0074,0.3624,0.1875,0.4428,302.0
OY_ABCC2_N11_010910Run01,D03,hom1,0.591,0.0252,0.5909,0.1903,0.1936,300.0
OY_ABCC2_N11_010910Run01,D04,hom2,0.413,0.0188,0.3416,0.4131,0.2265,307.0
OY_ABCC2_N11_010910Run01,D05,hom1,0.412,0.0163,0.4115,0.3847,0.1874,305.0
OY_ABCC2_N11_010910Run01,D06,hom2,0.436,0.0275,0.3705,0.4359,0.1661,306.0
OY_ABCC2_N11_010910Run01,D07,hom1,0.402,0.0072,0.4021,0.2001,0.3906,314.0
OY_ABCC2_N11_010910Run01,D08,hom2,0.449,0.0295,0.3504,0.4495,0.1707,302.0
OY_ABCC2_N11_010910Run01,D09,hom1,0.558,0.0058,0.558,0.3079,0.1282,308.0
OY_ABCC2_N11_010910Run01,D10,het,0.538,0.0154,0.2992,0.1471,0.5384,304.0
OY_ABCC2_N11_010910Run01,D11,fail,0.646,0.6457,0.1541,0.0662,0.134,298.0
OY_ABCC2_N11_010910Run01,D12,fail,0.659,0.6593,0.118,0.0592,0.1635,304.0
OY_ABCC2_N11_010910Run01,E01,fail,0.643,0.6433,0.1466,0.0718,0.1383,303.0
OY_ABCC2_N11_010910Run01,E02,hom2,0.427,0.0163,0.4109,0.4272,0.1457,304.0
OY_ABCC2_N11_010910Run01,E03,hom1,0.548,0.0209,0.5483,0.2695,0.1613,291.0
OY_ABCC2_N11_010910Run01,E04,het,0.68,0.0067,0.1826,0.1304,0.6803,301.0
OY_ABCC2_N11_010910Run01,E05,het,0.429,0.0042,0.3575,0.209,0.4293,298.0
OY_ABCC2_N11_010910Run01,E06,het,0.562,0.0026,0.2821,0.1537,0.5617,300.0
OY_ABCC2_N11_010910Run01,E07,hom1,0.504,0.0191,0.5039,0.2865,0.1906,293.0
OY_ABCC2_N11_010910Run01,E08,het,0.525,0.0103,0.3376,0.1269,0.5252,312.0
OY_ABCC2_N11_010910Run01,E09,hom2,0.491,0.0077,0.3527,0.491,0.1485,307.0
OY_ABCC2_N11_010910Run01,E10,het,0.668,0.0154,0.2061,0.1102,0.6684,314.0
OY_ABCC2_N11_010910Run01,E11,het,0.674,0.0,0.2318,0.0943,0.6739,307.0
OY_ABCC2_N11_010910Run01,E12,fail,0.63,0.6302,0.1449,0.066,0.1589,305.0
OY_ABCC2_N11_010910Run01,F01,hom2,0.414,0.0071,0.4116,0.414,0.1673,302.0
OY_ABCC2_N11_010910Run01,F02,hom2,0.442,0.0259,0.3656,0.4424,0.1662,299.0
OY_ABCC2_N11_010910Run01,F03,het,0.722,0.0203,0.1511,0.1062,0.7224,301.0
OY_ABCC2_N11_010910Run01,F04,het,0.611,0.0537,0.2343,0.101,0.611,303.0
OY_ABCC2_N11_010910Run01,F05,het,0.418,0.0341,0.3524,0.1952,0.4183,289.0
OY_ABCC2_N11_010910Run01,F06,het,0.561,0.0828,0.2581,0.098,0.5612,301.0
OY_ABCC2_N11_010910Run01,F07,hom2,0.489,0.0078,0.4075,0.4891,0.0957,303.0
OY_ABCC2_N11_010910Run01,F08,het,0.595,0.0144,0.2495,0.1414,0.5947,303.0
OY_ABCC2_N11_010910Run01,F09,hom1,0.433,0.012,0.433,0.3586,0.1965,303.0
OY_ABCC2_N11_010910Run01,F10,het,0.537,0.0172,0.3,0.146,0.5368,297.0
OY_ABCC2_N11_010910Run01,F11,hom1,0.616,0.0064,0.6163,0.1936,0.1836,303.0
OY_ABCC2_N11_010910Run01,F12,fail,0.47,0.4697,0.2135,0.1021,0.2146,303.0
OY_ABCC2_N11_010910Run01,G01,het,0.462,0.0807,0.3673,0.0902,0.4617,301.0
OY_ABCC2_N11_010910Run01,G02,hom1,0.368,0.1112,0.3682,0.1692,0.3514,302.0
OY_ABCC2_N11_010910Run01,G03,het,0.546,0.0466,0.3221,0.0853,0.546,308.0
OY_ABCC2_N11_010910Run01,G04,het,0.536,0.0024,0.3454,0.1165,0.5358,303.0
OY_ABCC2_N11_010910Run01,G05,hom1,0.401,0.0114,0.4011,0.2265,0.361,302.0
OY_ABCC2_N11_010910Run01,G06,het,0.66,0.0026,0.209,0.128,0.6604,302.0
OY_ABCC2_N11_010910Run01,G07,het,0.817,0.015,0.1146,0.0532,0.8173,301.0
OY_ABCC2_N11_010910Run01,G08,het,0.506,0.0276,0.2861,0.1802,0.5061,303.0
OY_ABCC2_N11_010910Run01,G09,hom1,0.573,0.0279,0.5729,0.2451,0.1541,299.0
OY_ABCC2_N11_010910Run01,G10,fail,0.604,0.6042,0.1804,0.0707,0.1448,301.0
OY_ABCC2_N11_010910Run01,G11,hom2,0.458,0.024,0.3867,0.4578,0.1314,300.0
OY_ABCC2_N11_010910Run01,G12,fail,0.649,0.6486,0.1327,0.0675,0.1512,305.0
OY_ABCC2_N11_010910Run01,H01,hom1,0.417,0.1049,0.4165,0.3009,0.1777,305.0
OY_ABCC2_N11_010910Run01,H02,het,0.432,0.038,0.4015,0.1286,0.4319,307.0
OY_ABCC2_N11_010910Run01,H03,het,0.358,0.0167,0.352,0.2732,0.3581,302.0
OY_ABCC2_N11_010910Run01,H04,het,0.597,0.0677,0.2508,0.0849,0.5966,301.0
OY_ABCC2_N11_010910Run01,H05,hom1,0.562,0.0001,0.5616,0.287,0.1514,312.0
OY_ABCC2_N11_010910Run01,H06,het,0.481,0.0525,0.3203,0.146,0.4812,304.0
OY_ABCC2_N11_010910Run01,H07,hom1,0.428,0.0108,0.4284,0.28,0.2808,303.0
OY_ABCC2_N11_010910Run01,H08,het,0.576,0.016,0.2818,0.1266,0.5756,307.0
OY_ABCC2_N11_010910Run01,H09,fail,0.533,0.5335,0.188,0.0502,0.2283,307.0
OY_ABCC2_N11_010910Run01,H10,het,0.376,0.013,0.3386,0.2724,0.3759,301.0
OY_ABCC2_N11_010910Run01,H11,hom2,0.45,0.0215,0.3563,0.45,0.1721,298.0
OY_ABCC2_N11_010910Run01,H12,het,0.487,0.0088,0.3834,0.1209,0.4869,303.0
OY_ABCC2_N11_310810Run01,A01,hom1,0.422,0.1981,0.4218,0.102,0.2781,305.0
OY_ABCC2_N11_310810Run01,A02,hom1,0.49,0.012,0.49,0.2808,0.2172,301.0
OY_ABCC2_N11_310810Run01,A03,hom1,0.407,0.0112,0.4066,0.2673,0.3149,306.0
OY_ABCC2_N11_310810Run01,A04,het,0.512,0.0,0.3937,0.094,0.5123,302.0
OY_ABCC2_N11_310810Run01,A05,hom1,0.462,0.0136,0.4616,0.3833,0.1416,311.0
OY_ABCC2_N11_310810Run01,A06,fail,0.603,0.6033,0.1302,0.0603,0.2062,295.0
OY_ABCC2_N11_310810Run01,A07,hom1,0.463,0.0001,0.4629,0.4387,0.0983,302.0
OY_ABCC2_N11_310810Run01,A08,hom1,0.426,0.0117,0.4257,0.4211,0.1414,307.0
OY_ABCC2_N11_310810Run01,A09,hom1,0.458,0.0001,0.4582,0.4159,0.1257,309.0
OY_ABCC2_N11_310810Run01,A10,het,0.514,0.0033,0.3646,0.1185,0.5136,309.0
OY_ABCC2_N11_310810Run01,A11,het,0.523,0.0024,0.3211,0.154,0.5225,306.0
OY_ABCC2_N11_310810Run01,A12,hom1,0.49,0.012,0.49,0.149,0.349,310.0
OY_ABCC2_N11_310810Run01,B01,het,0.453,0.0758,0.4069,0.0639,0.4535,304.0
OY_ABCC2_N11_310810Run01,B02,fail,0.543,0.5432,0.1546,0.0998,0.2025,306.0
OY_ABCC2_N11_310810Run01,B03,het,0.719,0.0598,0.1535,0.0672,0.7195,302.0
OY_ABCC2_N11_310810Run01,B04,hom2,0.453,0.0202,0.3977,0.4528,0.1294,304.0
OY_ABCC2_N11_310810Run01,B05,hom1,0.535,0.0027,0.5349,0.4012,0.0612,301.0
OY_ABCC2_N11_310810Run01,B06,hom1,0.45,0.0685,0.4495,0.3291,0.1529,306.0
OY_ABCC2_N11_310810Run01,B07,hom1,0.558,0.0272,0.5581,0.2905,0.1242,307.0
OY_ABCC2_N11_310810Run01,B08,het,0.436,0.0723,0.3096,0.1819,0.4362,307.0
OY_ABCC2_N11_310810Run01,B09,het,0.561,0.0702,0.2603,0.1085,0.561,301.0
OY_ABCC2_N11_310810Run01,B10,het,0.358,0.1384,0.3513,0.1526,0.3577,302.0
OY_ABCC2_N11_310810Run01,B11,hom1,0.474,0.0072,0.4737,0.3434,0.1758,306.0
OY_ABCC2_N11_310810Run01,B12,het,0.492,0.0381,0.3487,0.1211,0.4921,303.0
OY_ABCC2_N11_310810Run01,C01,het,0.64,0.0414,0.2713,0.047,0.6403,291.0
OY_ABCC2_N11_310810Run01,C02,hom1,0.416,0.1037,0.4162,0.2434,0.2366,303.0
OY_ABCC2_N11_310810Run01,C03,hom1,0.573,0.0057,0.5733,0.3089,0.1121,299.0
OY_ABCC2_N11_310810Run01,C04,het,0.519,0.0401,0.3215,0.1194,0.5189,299.0
OY_ABCC2_N11_310810Run01,C05,hom1,0.431,0.0317,0.4312,0.4112,0.126,308.0
OY_ABCC2_N11_310810Run01,C06,hom2,0.46,0.0194,0.3674,0.4599,0.1533,303.0
OY_ABCC2_N11_310810Run01,C07,hom1,0.436,0.0217,0.4364,0.3711,0.1708,302.0
OY_ABCC2_N11_310810Run01,C08,hom1,0.441,0.0042,0.4414,0.1226,0.4319,301.0
OY_ABCC2_N11_310810Run01,C09,hom1,0.433,0.0101,0.4325,0.3559,0.2016,299.0
OY_ABCC2_N11_310810Run01,C10,het,0.565,0.0272,0.3057,0.1026,0.5646,304.0
OY_ABCC2_N11_310810Run01,C11,het,0.586,0.0114,0.2592,0.1438,0.5856,304.0
OY_ABCC2_N11_310810Run01,C12,fail,0.466,0.4662,0.2275,0.125,0.1812,302.0
OY_ABCC2_N11_310810Run01,D01,hom1,0.437,0.0012,0.4371,0.3915,0.1702,305.0
OY_ABCC2_N11_310810Run01,D02,hom1,0.385,0.0202,0.385,0.2939,0.3009,305.0
OY_ABCC2_N11_310810Run01,D03,hom1,0.496,0.029,0.4964,0.2915,0.1831,299.0
OY_ABCC2_N11_310810Run01,D04,hom1,0.416,0.0194,0.4156,0.2821,0.2829,302.0
OY_ABCC2_N11_310810Run01,D05,hom1,0.53,0.0066,0.5303,0.3666,0.0965,303.0
OY_ABCC2_N11_310810Run01,D06,hom1,0.478,0.0106,0.4783,0.3633,0.1478,304.0
OY_ABCC2_N11_310810Run01,D07,hom1,0.453,0.0104,0.4529,0.3948,0.1419,308.0
OY_ABCC2_N11_310810Run01,D08,hom1,0.502,0.0128,0.5025,0.1156,0.3692,305.0
OY_ABCC2_N11_310810Run01,D09,hom1,0.421,0.0247,0.4208,0.3777,0.1769,303.0
OY_ABCC2_N11_310810Run01,D10,het,0.521,0.0168,0.3211,0.1411,0.5211,300.0
OY_ABCC2_N11_310810Run01,D11,fail,0.503,0.5025,0.1913,0.1033,0.2028,303.0
OY_ABCC2_N11_310810Run01,D12,het,0.41,0.1588,0.3085,0.1224,0.4102,302.0
OY_ABCC2_N11_310810Run01,E01,het,0.562,0.0202,0.3355,0.0824,0.5619,304.0
OY_ABCC2_N11_310810Run01,E02,hom1,0.5,0.009,0.5001,0.3335,0.1575,303.0
OY_ABCC2_N11_310810Run01,E03,hom2,0.491,0.0097,0.404,0.4907,0.0956,307.0
OY_ABCC2_N11_310810Run01,E04,het,0.449,0.0296,0.4069,0.1147,0.4487,303.0
OY_ABCC2_N11_310810Run01,E05,hom1,0.426,0.038,0.4261,0.3962,0.1397,303.0
OY_ABCC2_N11_310810Run01,E06,hom1,0.441,0.0146,0.4406,0.1529,0.3919,311.0
OY_ABCC2_N11_310810Run01,E07,hom1,0.479,0.0179,0.4793,0.2949,0.2079,303.0
OY_ABCC2_N11_310810Run01,E08,hom1,0.439,0.0161,0.439,0.1193,0.4256,309.0
OY_ABCC2_N11_310810Run01,E09,hom1,0.447,0.0141,0.4474,0.3767,0.1619,305.0
OY_ABCC2_N11_310810Run01,E10,het,0.627,0.0109,0.2443,0.1179,0.6269,302.0
OY_ABCC2_N11_310810Run01,E11,het,0.561,0.0048,0.2816,0.1524,0.5612,302.0
OY_ABCC2_N11_310810Run01,E12,fail,0.45,0.4498,0.2439,0.1256,0.1807,302.0
OY_ABCC2_N11_310810Run01,F01,hom1,0.472,0.0073,0.4719,0.134,0.3867,300.0
OY_ABCC2_N11_310810Run01,F02,het,0.464,0.0077,0.3334,0.1953,0.4636,299.0
OY_ABCC2_N11_310810Run01,F03,hom2,0.472,0.0116,0.3936,0.4717,0.123,303.0
OY_ABCC2_N11_310810Run01,F04,het,0.514,0.0062,0.3571,0.1223,0.5144,302.0
OY_ABCC2_N11_310810Run01,F05,hom1,0.466,0.0292,0.4657,0.3685,0.1365,301.0
OY_ABCC2_N11_310810Run01,F06,hom1,0.438,0.0295,0.4383,0.1794,0.3528,296.0
OY_ABCC2_N11_310810Run01,F07,hom1,0.445,0.0682,0.445,0.3135,0.1733,303.0
OY_ABCC2_N11_310810Run01,F08,het,0.448,0.0104,0.3677,0.174,0.4478,301.0
OY_ABCC2_N11_310810Run01,F09,hom1,0.494,0.019,0.4936,0.3355,0.1518,302.0
OY_ABCC2_N11_310810Run01,F10,het,0.43,0.0185,0.4202,0.1316,0.4297,306.0
OY_ABCC2_N11_310810Run01,F11,hom1,0.344,0.0323,0.3438,0.3283,0.2956,308.0
OY_ABCC2_N11_310810Run01,F12,fail,0.419,0.4193,0.2184,0.1426,0.2198,311.0
OY_ABCC2_N11_310810Run01,G01,hom1,0.446,0.0262,0.446,0.1338,0.3939,301.0
OY_ABCC2_N11_310810Run01,G02,het,0.427,0.0903,0.386,0.0964,0.4274,305.0
OY_ABCC2_N11_310810Run01,G03,het,0.508,0.0481,0.3294,0.1149,0.5077,308.0
OY_ABCC2_N11_310810Run01,G04,het,0.445,0.003,0.4136,0.1382,0.4453,304.0
OY_ABCC2_N11_310810Run01,G05,hom2,0.397,0.0243,0.3932,0.3972,0.1853,302.0
OY_ABCC2_N11_310810Run01,G06,hom1,0.458,0.0059,0.4579,0.2281,0.3081,308.0
OY_ABCC2_N11_310810Run01,G07,het,0.751,0.0507,0.0957,0.1023,0.7513,306.0
OY_ABCC2_N11_310810Run01,G08,hom1,0.394,0.0328,0.3944,0.2008,0.3721,296.0
OY_ABCC2_N11_310810Run01,G09,hom2,0.441,0.0222,0.4183,0.4412,0.1184,302.0
OY_ABCC2_N11_310810Run01,G10,hom1,0.417,0.0432,0.4168,0.1349,0.4051,304.0
OY_ABCC2_N11_310810Run01,G11,het,0.575,0.0042,0.3126,0.1079,0.5753,293.0
OY_ABCC2_N11_310810Run01,G12,het,0.495,0.0223,0.3613,0.121,0.4954,302.0
OY_ABCC2_N11_310810Run01,H01,hom1,0.304,0.3011,0.3038,0.2597,0.1355,306.0
OY_ABCC2_N11_310810Run01,H02,hom1,0.516,0.0261,0.5161,0.1335,0.3243,297.0
OY_ABCC2_N11_310810Run01,H03,het,0.532,0.0073,0.3482,0.112,0.5325,303.0
OY_ABCC2_N11_310810Run01,H04,hom1,0.434,0.0497,0.434,0.1364,0.3799,308.0
OY_ABCC2_N11_310810Run01,H05,hom1,0.428,0.0279,0.428,0.4066,0.1375,311.0
OY_ABCC2_N11_310810Run01,H06,het,0.4,0.0318,0.3684,0.1995,0.4002,302.0
OY_ABCC2_N11_310810Run01,H07,hom1,0.464,0.0117,0.4641,0.415,0.1092,305.0
OY_ABCC2_N11_310810Run01,H08,hom1,0.427,0.0116,0.4271,0.167,0.3943,297.0
OY_ABCC2_N11_310810Run01,H09,hom2,0.431,0.0081,0.4129,0.4307,0.1484,301.0
OY_ABCC2_N11_310810Run01,H10,hom1,0.442,0.0042,0.4418,0.1484,0.4056,298.0
OY_ABCC2_N11_310810Run01,H11,het,0.417,0.0126,0.408,0.1623,0.417,295.0
OY_ABCC2_N11_310810Run01,H12,het,0.531,0.0049,0.2681,0.1961,0.5309,298.0
OY_ABCC2_N1_160910Run01,A01,hom1,0.756,0.0069,0.7558,0.1293,0.108,305.0
OY_ABCC2_N1_160910Run01,A02,hom1,0.703,0.0346,0.7031,0.152,0.1103,301.0
OY_ABCC2_N1_160910Run01,A03,hom1,0.733,0.0172,0.7331,0.1229,0.1269,295.0
OY_ABCC2_N1_160910Run01,A04,hom1,0.669,0.0214,0.6686,0.132,0.178,309.0
OY_ABCC2_N1_160910Run01,A05,hom1,0.567,0.0103,0.5666,0.1328,0.2904,311.0
OY_ABCC2_N1_160910Run01,A06,fail,1.0,1.0,0.0,0.0,0.0,301.0
OY_ABCC2_N1_160910Run01,A07,hom1,0.824,0.0041,0.8239,0.1049,0.0671,308.0
OY_ABCC2_N1_160910Run01,A08,hom1,0.808,0.0144,0.8079,0.1036,0.0741,304.0
OY_ABCC2_N1_160910Run01,A09,hom1,0.667,0.0067,0.6667,0.1228,0.2038,320.0
OY_ABCC2_N1_160910Run01,A10,hom1,0.526,0.0471,0.5262,0.0949,0.3318,302.0
OY_ABCC2_N1_160910Run01,A11,hom1,0.572,0.0085,0.5722,0.1191,0.3002,302.0
OY_ABCC2_N1_160910Run01,A12,hom1,0.628,0.0247,0.6275,0.0746,0.2732,305.0
OY_ABCC2_N1_160910Run01,B01,hom1,0.676,0.0781,0.6756,0.1375,0.1088,307.0
OY_ABCC2_N1_160910Run01,B02,fail,0.974,0.9742,0.0107,0.0024,0.0128,306.0
OY_ABCC2_N1_160910Run01,B03,hom1,0.688,0.023,0.6877,0.1834,0.1058,306.0
OY_ABCC2_N1_160910Run01,B04,hom1,0.587,0.0,0.5869,0.1017,0.3114,308.0
OY_ABCC2_N1_160910Run01,B05,hom1,0.636,0.0101,0.6363,0.2339,0.1197,299.0
OY_ABCC2_N1_160910Run01,B06,hom1,0.523,0.0329,0.523,0.0884,0.3558,303.0
OY_ABCC2_N1_160910Run01,B07,hom1,0.88,0.0101,0.8804,0.0465,0.063,305.0
OY_ABCC2_N1_160910Run01,B08,hom1,0.783,0.0017,0.783,0.1657,0.0495,301.0
OY_ABCC2_N1_160910Run01,B09,hom1,0.664,0.0078,0.6635,0.1636,0.165,307.0
OY_ABCC2_N1_160910Run01,B10,hom1,0.613,0.0328,0.6133,0.2107,0.1432,309.0
OY_ABCC2_N1_160910Run01,B11,het,0.661,0.0636,0.1883,0.0869,0.6612,304.0
OY_ABCC2_N1_160910Run01,B12,hom1,0.633,0.1121,0.6335,0.0424,0.212,301.0
OY_ABCC2_N1_160910Run01,C01,hom1,0.692,0.0026,0.6922,0.219,0.0862,304.0
OY_ABCC2_N1_160910Run01,C02,hom1,0.86,0.0,0.8604,0.0977,0.0419,303.0
OY_ABCC2_N1_160910Run01,C03,hom1,0.511,0.0257,0.5106,0.1706,0.2931,304.0
OY_ABCC2_N1_160910Run01,C04,hom1,0.473,0.0109,0.4726,0.1036,0.4129,301.0
OY_ABCC2_N1_160910Run01,C05,hom1,0.883,0.0044,0.8832,0.0822,0.0302,310.0
OY_ABCC2_N1_160910Run01,C06,hom1,0.607,0.0214,0.6067,0.1113,0.2607,306.0
OY_ABCC2_N1_160910Run01,C07,hom1,0.8,0.0102,0.7998,0.1164,0.0737,303.0
OY_ABCC2_N1_160910Run01,C08,hom1,0.644,0.0118,0.6438,0.2362,0.1082,306.0
OY_ABCC2_N1_160910Run01,C09,hom1,0.554,0.0327,0.5537,0.2714,0.1422,298.0
OY_ABCC2_N1_160910Run01,C10,hom1,0.68,0.0218,0.6804,0.0984,0.1994,297.0
OY_ABCC2_N1_160910Run01,C11,hom1,0.604,0.0176,0.6036,0.1336,0.2452,302.0
OY_ABCC2_N1_160910Run01,C12,hom1,0.655,0.03,0.6549,0.0797,0.2353,314.0
OY_ABCC2_N1_160910Run01,D01,hom1,0.615,0.0812,0.6148,0.2086,0.0954,303.0
OY_ABCC2_N1_160910Run01,D02,het,0.75,0.059,0.1418,0.0493,0.7499,303.0
OY_ABCC2_N1_160910Run01,D03,hom1,0.736,0.0131,0.7363,0.1293,0.1213,295.0
OY_ABCC2_N1_160910Run01,D04,hom1,0.596,0.0049,0.5962,0.1272,0.2717,315.0
OY_ABCC2_N1_160910Run01,D05,hom1,0.616,0.0111,0.6164,0.1947,0.1779,319.0
OY_ABCC2_N1_160910Run01,D06,hom1,0.627,0.0227,0.6267,0.1053,0.2453,305.0
OY_ABCC2_N1_160910Run01,D07,hom1,0.787,0.0026,0.7866,0.1087,0.1021,300.0
OY_ABCC2_N1_160910Run01,D08,hom1,0.62,0.0331,0.6196,0.19,0.1573,299.0
OY_ABCC2_N1_160910Run01,D09,hom1,0.581,0.0234,0.5809,0.0694,0.3263,303.0
OY_ABCC2_N1_160910Run01,D10,hom1,0.611,0.0183,0.611,0.1157,0.255,301.0
OY_ABCC2_N1_160910Run01,D11,fail,0.996,0.9962,0.0006,0.0004,0.0028,298.0
OY_ABCC2_N1_160910Run01,D12,hom1,0.668,0.0291,0.6678,0.0764,0.2267,311.0
OY_ABCC2_N1_160910Run01,E01,fail,0.82,0.82,0.0846,0.0288,0.0667,298.0
OY_ABCC2_N1_160910Run01,E02,hom1,0.6,0.0,0.5997,0.2766,0.1237,310.0
OY_ABCC2_N1_160910Run01,E03,hom1,0.828,0.0101,0.8275,0.1043,0.0581,305.0
OY_ABCC2_N1_160910Run01,E04,hom1,0.562,0.0113,0.5617,0.1273,0.2997,305.0
OY_ABCC2_N1_160910Run01,E05,hom1,0.564,0.104,0.5638,0.2339,0.0983,307.0
OY_ABCC2_N1_160910Run01,E06,hom1,0.57,0.0041,0.5701,0.1296,0.2962,298.0
OY_ABCC2_N1_160910Run01,E07,hom1,0.847,0.0028,0.8468,0.0996,0.0508,302.0
OY_ABCC2_N1_160910Run01,E08,hom1,0.493,0.0061,0.4927,0.1117,0.3895,302.0
OY_ABCC2_N1_160910Run01,E09,fail,0.816,0.8162,0.0556,0.0406,0.0877,300.0
OY_ABCC2_N1_160910Run01,E10,hom1,0.654,0.0476,0.6539,0.0862,0.2123,306.0
OY_ABCC2_N1_160910Run01,E11,hom1,0.603,0.0117,0.6034,0.1164,0.2684,311.0
OY_ABCC2_N1_160910Run01,E12,hom1,0.506,0.0546,0.5063,0.2822,0.1569,295.0
OY_ABCC2_N1_160910Run01,F01,hom1,0.61,0.0053,0.6101,0.0936,0.291,305.0
OY_ABCC2_N1_160910Run01,F02,hom1,0.55,0.0,0.5501,0.1019,0.3479,298.0
OY_ABCC2_N1_160910Run01,F03,hom1,0.831,0.0069,0.8312,0.0844,0.0775,308.0
OY_ABCC2_N1_160910Run01,F04,hom1,0.61,0.0146,0.6103,0.1312,0.2439,282.0
OY_ABCC2_N1_160910Run01,F05,hom1,0.548,0.0926,0.5481,0.0918,0.2675,299.0
OY_ABCC2_N1_160910Run01,F06,hom1,0.691,0.0485,0.691,0.0844,0.1761,298.0
OY_ABCC2_N1_160910Run01,F07,het,0.813,0.0223,0.1042,0.0608,0.8127,303.0
OY_ABCC2_N1_160910Run01,F08,hom1,0.491,0.0709,0.4909,0.1128,0.3254,302.0
OY_ABCC2_N1_160910Run01,F09,hom1,0.536,0.1544,0.5357,0.1042,0.2057,306.0
OY_ABCC2_N1_160910Run01,F10,hom1,0.567,0.0355,0.5671,0.1084,0.2889,301.0
OY_ABCC2_N1_160910Run01,F11,hom1,0.583,0.0079,0.583,0.1219,0.2872,301.0
OY_ABCC2_N1_160910Run01,F12,hom1,0.558,0.044,0.5582,0.078,0.3198,305.0
OY_ABCC2_N1_160910Run01,G01,hom1,0.455,0.1828,0.4546,0.1282,0.2344,291.0
OY_ABCC2_N1_160910Run01,G02,hom1,0.664,0.0387,0.664,0.0907,0.2065,306.0
OY_ABCC2_N1_160910Run01,G03,hom1,0.569,0.0156,0.5691,0.1028,0.3125,300.0
OY_ABCC2_N1_160910Run01,G04,hom1,0.619,0.0056,0.6189,0.2683,0.1072,324.0
OY_ABCC2_N1_160910Run01,G05,hom1,0.602,0.0026,0.6015,0.0596,0.3363,320.0
OY_ABCC2_N1_160910Run01,G06,hom1,0.581,0.0072,0.5808,0.1114,0.3006,309.0
OY_ABCC2_N1_160910Run01,G07,hom1,0.78,0.0028,0.7795,0.1149,0.1027,305.0
OY_ABCC2_N1_160910Run01,G08,hom1,0.608,0.0127,0.6082,0.2168,0.1623,304.0
OY_ABCC2_N1_160910Run01,G09,hom1,0.659,0.0133,0.6592,0.1437,0.1838,289.0
OY_ABCC2_N1_160910Run01,G10,hom1,0.554,0.0713,0.5535,0.1079,0.2672,298.0
OY_ABCC2_N1_160910Run01,G11,hom1,0.638,0.0323,0.6378,0.1341,0.1958,292.0
OY_ABCC2_N1_160910Run01,G12,hom1,0.575,0.0391,0.5754,0.1813,0.2042,303.0
OY_ABCC2_N1_160910Run01,H01,hom1,0.582,0.0603,0.5824,0.1191,0.2382,306.0
OY_ABCC2_N1_160910Run01,H02,hom1,0.652,0.0192,0.6519,0.0846,0.2443,304.0
OY_ABCC2_N1_160910Run01,H03,hom1,0.58,0.0066,0.5803,0.0864,0.3268,303.0
OY_ABCC2_N1_160910Run01,H04,hom1,0.643,0.0143,0.6429,0.1037,0.2391,295.0
OY_ABCC2_N1_160910Run01,H05,hom1,0.612,0.0057,0.6122,0.2105,0.1716,305.0
OY_ABCC2_N1_160910Run01,H06,hom1,0.634,0.0461,0.6341,0.1101,0.2097,299.0
OY_ABCC2_N1_160910Run01,H07,hom1,0.761,0.0141,0.7614,0.1353,0.0892,307.0
OY_ABCC2_N1_160910Run01,H08,het,0.413,0.1073,0.3811,0.0981,0.4134,296.0
OY_ABCC2_N1_160910Run01,H09,hom1,0.697,0.0135,0.6975,0.1234,0.1656,306.0
OY_ABCC2_N1_160910Run01,H10,hom1,0.623,0.1083,0.6233,0.1781,0.0903,294.0
OY_ABCC2_N1_160910Run01,H11,hom1,0.587,0.0164,0.5868,0.1642,0.2326,296.0
OY_ABCC2_N1_160910Run01,H12,hom1,0.581,0.0198,0.5811,0.1921,0.2071,298.0
OY_ABCC2_N2_200910Run01,A01,hom1,0.423,0.0705,0.4227,0.1186,0.3882,300.0
OY_ABCC2_N2_200910Run01,A02,hom1,0.524,0.0079,0.5239,0.308,0.1602,309.0
OY_ABCC2_N2_200910Run01,A03,hom1,0.448,0.0037,0.4482,0.2413,0.3067,304.0
OY_ABCC2_N2_200910Run01,A04,hom2,0.47,0.015,0.4217,0.4696,0.0937,305.0
OY_ABCC2_N2_200910Run01,A05,het,0.455,0.0612,0.302,0.182,0.4548,304.0
OY_ABCC2_N2_200910Run01,A06,fail,0.845,0.8451,0.0538,0.0377,0.0634,303.0
OY_ABCC2_N2_200910Run01,A07,het,0.539,0.01,0.3379,0.1127,0.5394,293.0
OY_ABCC2_N2_200910Run01,A08,hom1,0.493,0.0245,0.493,0.2945,0.1879,304.0
OY_ABCC2_N2_200910Run01,A09,hom1,0.543,0.0227,0.5431,0.3085,0.1257,299.0
OY_ABCC2_N2_200910Run01,A10,het,0.531,0.1298,0.2144,0.1249,0.5309,306.0
OY_ABCC2_N2_200910Run01,A11,hom1,0.432,0.0383,0.4316,0.3456,0.1844,316.0
OY_ABCC2_N2_200910Run01,A12,hom1,0.407,0.1012,0.4069,0.3315,0.1604,301.0
OY_ABCC2_N2_200910Run01,B01,hom1,0.473,0.0802,0.4731,0.1272,0.3195,323.0
OY_ABCC2_N2_200910Run01,B02,fail,0.948,0.948,0.0112,0.0194,0.0214,306.0
OY_ABCC2_N2_200910Run01,B03,hom1,0.458,0.0231,0.4584,0.3945,0.1239,298.0
OY_ABCC2_N2_200910Run01,B04,hom1,0.462,0.0526,0.4617,0.2119,0.2738,301.0
OY_ABCC2_N2_200910Run01,B05,het,0.487,0.0026,0.3153,0.1952,0.4869,301.0
OY_ABCC2_N2_200910Run01,B06,het,0.507,0.0557,0.2519,0.1852,0.5072,306.0
OY_ABCC2_N2_200910Run01,B07,hom1,0.434,0.0137,0.4338,0.2016,0.3509,300.0
OY_ABCC2_N2_200910Run01,B08,hom1,0.518,0.0272,0.5181,0.2441,0.2106,324.0
OY_ABCC2_N2_200910Run01,B09,het,0.706,0.0159,0.209,0.0687,0.7064,303.0
OY_ABCC2_N2_200910Run01,B10,hom1,0.458,0.0231,0.4581,0.3729,0.1459,301.0
OY_ABCC2_N2_200910Run01,B11,hom1,0.413,0.1316,0.4131,0.2759,0.1795,306.0
OY_ABCC2_N2_200910Run01,B12,hom1,0.404,0.052,0.4036,0.2482,0.2961,305.0
OY_ABCC2_N2_200910Run01,C01,hom1,0.424,0.0175,0.4238,0.3745,0.1841,295.0
OY_ABCC2_N2_200910Run01,C02,het,0.572,0.002,0.3428,0.0828,0.5724,302.0
OY_ABCC2_N2_200910Run01,C03,hom1,0.454,0.0153,0.4541,0.3706,0.1599,300.0
OY_ABCC2_N2_200910Run01,C04,hom1,0.498,0.0289,0.498,0.3425,0.1306,300.0
OY_ABCC2_N2_200910Run01,C05,het,0.558,0.1213,0.2002,0.1201,0.5584,303.0
OY_ABCC2_N2_200910Run01,C06,hom1,0.433,0.0114,0.4327,0.3222,0.2337,307.0
OY_ABCC2_N2_200910Run01,C07,hom1,0.448,0.0028,0.4484,0.2761,0.2727,307.0
OY_ABCC2_N2_200910Run01,C08,hom1,0.389,0.0104,0.3892,0.3859,0.2144,304.0
OY_ABCC2_N2_200910Run01,C09,het,0.53,0.0649,0.2803,0.1246,0.5302,301.0
OY_ABCC2_N2_200910Run01,C10,hom1,0.383,0.0265,0.3832,0.3653,0.225,309.0
OY_ABCC2_N2_200910Run01,C11,hom1,0.392,0.0622,0.3918,0.3365,0.2095,307.0
OY_ABCC2_N2_200910Run01,C12,het,0.43,0.0557,0.295,0.2196,0.4297,305.0
OY_ABCC2_N2_200910Run01,D01,het,0.494,0.021,0.3744,0.111,0.4936,304.0
OY_ABCC2_N2_200910Run01,D02,hom2,0.478,0.0039,0.3497,0.4777,0.1687,303.0
OY_ABCC2_N2_200910Run01,D03,het,0.734,0.0168,0.1571,0.0923,0.7339,304.0
OY_ABCC2_N2_200910Run01,D04,het,0.55,0.0019,0.2808,0.1673,0.5501,302.0
OY_ABCC2_N2_200910Run01,D05,hom1,0.468,0.0331,0.4684,0.33,0.1685,304.0
OY_ABCC2_N2_200910Run01,D06,het,0.56,0.0131,0.262,0.1652,0.5598,304.0
OY_ABCC2_N2_200910Run01,D07,het,0.451,0.0081,0.3546,0.1864,0.4509,308.0
OY_ABCC2_N2_200910Run01,D08,het,0.546,0.0,0.363,0.0914,0.5456,304.0
OY_ABCC2_N2_200910Run01,D09,hom1,0.516,0.0531,0.516,0.2802,0.1507,287.0
OY_ABCC2_N2_200910Run01,D10,hom1,0.524,0.0219,0.5237,0.2631,0.1913,309.0
OY_ABCC2_N2_200910Run01,D11,fail,0.932,0.9319,0.0141,0.029,0.0251,304.0
OY_ABCC2_N2_200910Run01,D12,hom1,0.397,0.0573,0.3969,0.3579,0.188,305.0
OY_ABCC2_N2_200910Run01,E01,fail,0.682,0.6823,0.131,0.0544,0.1324,304.0
OY_ABCC2_N2_200910Run01,E02,hom1,0.459,0.0336,0.4594,0.2838,0.2233,307.0
OY_ABCC2_N2_200910Run01,E03,hom1,0.488,0.0293,0.4882,0.2823,0.2003,316.0
OY_ABCC2_N2_200910Run01,E04,hom1,0.359,0.0,0.359,0.2874,0.3537,307.0
OY_ABCC2_N2_200910Run01,E05,het,0.543,0.0396,0.2835,0.1335,0.5434,302.0
OY_ABCC2_N2_200910Run01,E06,het,0.471,0.0146,0.2947,0.2196,0.4712,293.0
OY_ABCC2_N2_200910Run01,E07,het,0.648,0.0238,0.2342,0.0944,0.6477,304.0
OY_ABCC2_N2_200910Run01,E08,hom1,0.423,0.0224,0.423,0.3075,0.247,303.0
OY_ABCC2_N2_200910Run01,E09,hom1,0.398,0.0176,0.398,0.3671,0.2174,311.0
OY_ABCC2_N2_200910Run01,E10,hom1,0.442,0.0194,0.4417,0.3098,0.229,302.0
OY_ABCC2_N2_200910Run01,E11,het,0.688,0.0795,0.1677,0.0648,0.688,304.0
OY_ABCC2_N2_200910Run01,E12,hom1,0.448,0.0537,0.4475,0.2983,0.2005,305.0
OY_ABCC2_N2_200910Run01,F01,hom1,0.468,0.0811,0.4675,0.1289,0.3226,300.0
OY_ABCC2_N2_200910Run01,F02,het,0.424,0.0314,0.4142,0.1309,0.4235,306.0
OY_ABCC2_N2_200910Run01,F03,het,0.583,0.0,0.3162,0.1009,0.5828,301.0
OY_ABCC2_N2_200910Run01,F04,het,0.593,0.0099,0.3357,0.0613,0.5931,304.0
OY_ABCC2_N2_200910Run01,F05,hom1,0.403,0.0607,0.4035,0.352,0.1838,306.0
OY_ABCC2_N2_200910Run01,F06,het,0.607,0.0652,0.1552,0.1722,0.6074,305.0
OY_ABCC2_N2_200910Run01,F07,het,0.615,0.0041,0.29,0.0913,0.6146,310.0
OY_ABCC2_N2_200910Run01,F08,hom2,0.372,0.0056,0.3056,0.3722,0.3166,301.0
OY_ABCC2_N2_200910Run01,F09,het,0.398,0.045,0.3719,0.1851,0.3979,302.0
OY_ABCC2_N2_200910Run01,F10,het,0.412,0.2049,0.2625,0.1207,0.412,300.0
OY_ABCC2_N2_200910Run01,F11,hom1,0.401,0.0621,0.401,0.3119,0.225,297.0
OY_ABCC2_N2_200910Run01,F12,het,0.366,0.0381,0.329,0.2667,0.3662,297.0
OY_ABCC2_N2_200910Run01,G01,hom1,0.357,0.1575,0.3575,0.1402,0.3449,310.0
OY_ABCC2_N2_200910Run01,G02,hom1,0.445,0.0135,0.445,0.1086,0.4329,300.0
OY_ABCC2_N2_200910Run01,G03,het,0.582,0.0255,0.2888,0.1033,0.5824,303.0
OY_ABCC2_N2_200910Run01,G04,hom1,0.426,0.0087,0.4263,0.4037,0.1613,305.0
OY_ABCC2_N2_200910Run01,G05,het,0.404,0.012,0.3342,0.2502,0.4036,298.0
OY_ABCC2_N2_200910Run01,G06,het,0.515,0.0091,0.2642,0.2116,0.5151,300.0
OY_ABCC2_N2_200910Run01,G07,hom1,0.41,0.0044,0.4102,0.2602,0.3252,303.0
OY_ABCC2_N2_200910Run01,G08,hom1,0.48,0.0117,0.4802,0.3018,0.2063,298.0
OY_ABCC2_N2_200910Run01,G09,het,0.642,0.05,0.2012,0.107,0.6417,297.0
OY_ABCC2_N2_200910Run01,G10,het,0.487,0.0643,0.2935,0.1554,0.4868,312.0
OY_ABCC2_N2_200910Run01,G11,hom1,0.467,0.0704,0.4672,0.2555,0.207,296.0
OY_ABCC2_N2_200910Run01,G12,het,0.498,0.1025,0.2457,0.1534,0.4984,308.0
OY_ABCC2_N2_200910Run01,H01,fail,0.787,0.7872,0.0814,0.0368,0.0946,305.0
OY_ABCC2_N2_200910Run01,H02,het,0.541,0.0056,0.333,0.1208,0.5406,305.0
OY_ABCC2_N2_200910Run01,H03,het,0.519,0.0025,0.3865,0.0924,0.5186,307.0
OY_ABCC2_N2_200910Run01,H04,het,0.548,0.0129,0.3407,0.0984,0.548,304.0
OY_ABCC2_N2_200910Run01,H05,het,0.535,0.061,0.2433,0.1606,0.5351,305.0
OY_ABCC2_N2_200910Run01,H06,het,0.505,0.0664,0.2716,0.1572,0.5047,303.0
OY_ABCC2_N2_200910Run01,H07,het,0.488,0.0123,0.3159,0.1842,0.4876,299.0
OY_ABCC2_N2_200910Run01,H08,hom1,0.459,0.087,0.4591,0.2471,0.2068,305.0
OY_ABCC2_N2_200910Run01,H09,het,0.549,0.0325,0.2844,0.1346,0.5486,306.0
OY_ABCC2_N2_200910Run01,H10,het,0.575,0.021,0.2968,0.1076,0.5746,306.0
OY_ABCC2_N2_200910Run01,H11,hom1,0.447,0.0564,0.4465,0.3185,0.1785,304.0
OY_ABCC2_N2_200910Run01,H12,hom1,0.426,0.0515,0.4256,0.3237,0.1991,300.0
OY_ABCC2_N3_200910Run01,A01,fail,0.529,0.5292,0.1778,0.0598,0.2331,308.0
OY_ABCC2_N3_200910Run01,A02,fail,0.46,0.4599,0.1789,0.0918,0.2694,299.0
OY_ABCC2_N3_200910Run01,A03,hom2,0.42,0.0919,0.332,0.4201,0.156,317.0
OY_ABCC2_N3_200910Run01,A04,fail,0.347,0.3475,0.289,0.1504,0.2132,297.0
OY_ABCC2_N3_200910Run01,A05,het,0.499,0.0123,0.3064,0.1822,0.4991,302.0
OY_ABCC2_N3_200910Run01,A06,fail,0.909,0.9093,0.0305,0.0231,0.0371,303.0
OY_ABCC2_N3_200910Run01,A07,het,0.473,0.0381,0.366,0.1228,0.4731,296.0
OY_ABCC2_N3_200910Run01,A08,het,0.608,0.0109,0.2569,0.1238,0.6083,293.0
OY_ABCC2_N3_200910Run01,A09,hom2,0.44,0.0218,0.4396,0.4398,0.0988,299.0
OY_ABCC2_N3_200910Run01,A10,het,0.614,0.0396,0.2067,0.1399,0.6138,298.0
OY_ABCC2_N3_200910Run01,A11,hom1,0.442,0.0126,0.4422,0.3422,0.203,298.0
OY_ABCC2_N3_200910Run01,A12,hom1,0.49,0.099,0.4901,0.2439,0.1669,307.0
OY_ABCC2_N3_200910Run01,B01,het,0.435,0.0754,0.3995,0.0903,0.4347,310.0
OY_ABCC2_N3_200910Run01,B02,fail,0.94,0.9396,0.0199,0.0101,0.0304,301.0
OY_ABCC2_N3_200910Run01,B03,hom1,0.515,0.0716,0.5148,0.246,0.1676,321.0
OY_ABCC2_N3_200910Run01,B04,het,0.415,0.1807,0.2932,0.111,0.4151,302.0
OY_ABCC2_N3_200910Run01,B05,het,0.521,0.0092,0.2923,0.1776,0.5208,308.0
OY_ABCC2_N3_200910Run01,B06,het,0.545,0.0126,0.2737,0.1682,0.5455,298.0
OY_ABCC2_N3_200910Run01,B07,het,0.476,0.0262,0.3803,0.1176,0.4759,290.0
OY_ABCC2_N3_200910Run01,B08,hom1,0.497,0.003,0.4974,0.4071,0.0926,299.0
OY_ABCC2_N3_200910Run01,B09,hom1,0.411,0.0137,0.411,0.3644,0.2108,312.0
OY_ABCC2_N3_200910Run01,B10,het,0.683,0.0142,0.2009,0.1022,0.6827,303.0
OY_ABCC2_N3_200910Run01,B11,hom1,0.446,0.0096,0.4464,0.339,0.205,292.0
OY_ABCC2_N3_200910Run01,B12,hom2,0.334,0.0456,0.3223,0.3345,0.2976,300.0
OY_ABCC2_N3_200910Run01,C01,fail,0.504,0.5037,0.1718,0.0871,0.2375,304.0
OY_ABCC2_N3_200910Run01,C02,hom1,0.476,0.0599,0.4764,0.1539,0.3098,305.0
OY_ABCC2_N3_200910Run01,C03,hom1,0.55,0.0579,0.5503,0.2063,0.1855,302.0
OY_ABCC2_N3_200910Run01,C04,hom1,0.438,0.0686,0.4385,0.3127,0.1802,318.0
OY_ABCC2_N3_200910Run01,C05,het,0.588,0.0045,0.2685,0.1387,0.5883,300.0
OY_ABCC2_N3_200910Run01,C06,het,0.509,0.0125,0.2901,0.1888,0.5085,302.0
OY_ABCC2_N3_200910Run01,C07,het,0.444,0.0297,0.386,0.1408,0.4436,301.0
OY_ABCC2_N3_200910Run01,C08,hom1,0.432,0.0191,0.4322,0.3514,0.1973,304.0
OY_ABCC2_N3_200910Run01,C09,het,0.425,0.0172,0.3957,0.1618,0.4254,306.0
OY_ABCC2_N3_200910Run01,C10,het,0.419,0.0086,0.3366,0.2355,0.4193,303.0
OY_ABCC2_N3_200910Run01,C11,het,0.504,0.0424,0.266,0.1874,0.5043,293.0
OY_ABCC2_N3_200910Run01,C12,hom1,0.346,0.0137,0.3461,0.2954,0.3447,305.0
OY_ABCC2_N3_200910Run01,D01,hom1,0.482,0.0149,0.4821,0.0808,0.4223,288.0
OY_ABCC2_N3_200910Run01,D02,het,0.442,0.0154,0.3827,0.16,0.4419,301.0
OY_ABCC2_N3_200910Run01,D03,hom1,0.37,0.1172,0.3696,0.197,0.3161,302.0
OY_ABCC2_N3_200910Run01,D04,hom1,0.472,0.0222,0.4721,0.2193,0.2864,303.0
OY_ABCC2_N3_200910Run01,D05,het,0.501,0.0099,0.3119,0.1772,0.501,305.0
OY_ABCC2_N3_200910Run01,D06,het,0.568,0.0185,0.2823,0.1313,0.5679,304.0
OY_ABCC2_N3_200910Run01,D07,het,0.496,0.0397,0.3326,0.1315,0.4962,292.0
OY_ABCC2_N3_200910Run01,D08,het,0.423,0.0217,0.4202,0.1348,0.4234,320.0
OY_ABCC2_N3_200910Run01,D09,hom1,0.426,0.0224,0.4262,0.2542,0.2972,300.0
OY_ABCC2_N3_200910Run01,D10,hom1,0.455,0.0223,0.4549,0.3931,0.1298,319.0
OY_ABCC2_N3_200910Run01,D11,fail,0.948,0.9476,0.014,0.0208,0.0176,306.0
OY_ABCC2_N3_200910Run01,D12,hom1,0.441,0.1011,0.4412,0.2794,0.1783,306.0
OY_ABCC2_N3_200910Run01,E01,het,0.357,0.2532,0.2937,0.0956,0.3575,299.0
OY_ABCC2_N3_200910Run01,E02,hom1,0.485,0.0525,0.4847,0.2238,0.239,311.0
OY_ABCC2_N3_200910Run01,E03,het,0.319,0.1217,0.3193,0.2397,0.3193,298.0
OY_ABCC2_N3_200910Run01,E04,het,0.396,0.0806,0.3243,0.199,0.3961,308.0
OY_ABCC2_N3_200910Run01,E05,hom1,0.411,0.0861,0.4114,0.1581,0.3444,305.0
OY_ABCC2_N3_200910Run01,E06,het,0.453,0.0105,0.3171,0.2195,0.4529,301.0
OY_ABCC2_N3_200910Run01,E07,hom1,0.428,0.0584,0.4276,0.2542,0.2598,301.0
OY_ABCC2_N3_200910Run01,E08,hom1,0.435,0.0351,0.4353,0.3703,0.1593,298.0
OY_ABCC2_N3_200910Run01,E09,het,0.372,0.0055,0.3512,0.2716,0.3717,300.0
OY_ABCC2_N3_200910Run01,E10,het,0.368,0.01,0.3347,0.2873,0.368,306.0
OY_ABCC2_N3_200910Run01,E11,hom2,0.405,0.0036,0.3962,0.405,0.1952,303.0
OY_ABCC2_N3_200910Run01,E12,hom2,0.346,0.0148,0.3107,0.3459,0.3286,306.0
OY_ABCC2_N3_200910Run01,F01,hom1,0.6,0.0194,0.5997,0.1143,0.2666,296.0
OY_ABCC2_N3_200910Run01,F02,hom1,0.447,0.0162,0.447,0.2427,0.2941,297.0
OY_ABCC2_N3_200910Run01,F03,het,0.453,0.0798,0.2982,0.1691,0.4529,305.0
OY_ABCC2_N3_200910Run01,F04,het,0.453,0.0511,0.3191,0.1764,0.4534,302.0
OY_ABCC2_N3_200910Run01,F05,het,0.454,0.032,0.3167,0.197,0.4543,302.0
OY_ABCC2_N3_200910Run01,F06,het,0.498,0.016,0.2632,0.2227,0.4981,302.0
OY_ABCC2_N3_200910Run01,F07,het,0.442,0.0543,0.3566,0.1476,0.4415,299.0
OY_ABCC2_N3_200910Run01,F08,hom1,0.487,0.0355,0.4869,0.3865,0.0911,314.0
OY_ABCC2_N3_200910Run01,F09,het,0.58,0.019,0.2715,0.1297,0.5798,293.0
OY_ABCC2_N3_200910Run01,F10,hom1,0.378,0.0086,0.3782,0.2394,0.3738,304.0
