folder,well,prediction,confidence,prob_fail,prob_hom1,prob_hom2,prob_het,raw_IS_spread
OY_IL10_AI_250210_44gr_MB1_Run01,A01,hom1,0.447,0.0128,0.447,0.4422,0.098,1139.0
OY_IL10_AI_250210_44gr_MB1_Run01,A02,hom1,0.494,0.0341,0.4935,0.3822,0.0902,1134.0
OY_IL10_AI_250210_44gr_MB1_Run01,A03,hom1,0.344,0.0846,0.344,0.2649,0.3064,1135.0
OY_IL10_AI_250210_44gr_MB1_Run01,A04,hom1,0.483,0.0506,0.4833,0.3052,0.1608,1144.0
OY_IL10_AI_250210_44gr_MB1_Run01,A05,hom1,0.5,0.0674,0.5003,0.2658,0.1665,1136.0
OY_IL10_AI_250210_44gr_MB1_Run01,A06,hom1,0.432,0.0832,0.4325,0.3304,0.154,1138.0
OY_IL10_AI_250210_44gr_MB1_Run01,A07,hom1,0.392,0.0345,0.3916,0.3837,0.1902,1138.0
OY_IL10_AI_250210_44gr_MB1_Run01,A08,hom2,0.414,0.0446,0.3987,0.4144,0.1423,1143.0
OY_IL10_AI_250210_44gr_MB1_Run01,A09,hom1,0.574,0.008,0.5743,0.3156,0.1021,1136.0
OY_IL10_AI_250210_44gr_MB1_Run01,A10,hom1,0.418,0.0208,0.418,0.3888,0.1724,1139.0
OY_IL10_AI_250210_44gr_MB1_Run01,A11,hom1,0.463,0.0346,0.4631,0.3379,0.1645,1131.0
OY_IL10_AI_250210_44gr_MB1_Run01,A12,hom1,0.472,0.0435,0.4716,0.3323,0.1525,1140.0
OY_IL10_AI_250210_44gr_MB1_Run01,B01,hom1,0.414,0.0498,0.4141,0.3867,0.1493,1138.0
OY_IL10_AI_250210_44gr_MB1_Run01,B02,hom1,0.442,0.0043,0.4423,0.4333,0.1201,1140.0
OY_IL10_AI_250210_44gr_MB1_Run01,B03,hom1,0.383,0.0965,0.383,0.3685,0.152,1137.0
OY_IL10_AI_250210_44gr_MB1_Run01,B04,hom2,0.414,0.1254,0.3363,0.4144,0.124,1138.0
OY_IL10_AI_250210_44gr_MB1_Run01,B05,hom1,0.538,0.0092,0.5381,0.3404,0.1124,1143.0
OY_IL10_AI_250210_44gr_MB1_Run01,B06,hom1,0.502,0.0237,0.5019,0.3386,0.1357,1135.0
OY_IL10_AI_250210_44gr_MB1_Run01,B07,hom2,0.447,0.0134,0.4004,0.4475,0.1387,1137.0
OY_IL10_AI_250210_44gr_MB1_Run01,B08,hom2,0.446,0.021,0.3673,0.4462,0.1655,1140.0
OY_IL10_AI_250210_44gr_MB1_Run01,B09,hom1,0.518,0.0211,0.5181,0.3214,0.1393,1141.0
OY_IL10_AI_250210_44gr_MB1_Run01,B10,hom1,0.448,0.0367,0.4484,0.4044,0.1106,1136.0
OY_IL10_AI_250210_44gr_MB1_Run01,B11,hom2,0.484,0.0075,0.4038,0.4841,0.1046,1139.0
OY_IL10_AI_250210_44gr_MB1_Run01,B12,hom2,0.47,0.0215,0.3689,0.4697,0.14,1142.0
OY_IL10_AI_250210_44gr_MB1_Run01,C01,hom1,0.514,0.023,0.5143,0.3359,0.1267,1142.0
OY_IL10_AI_250210_44gr_MB1_Run01,C02,hom1,0.467,0.0044,0.4674,0.4162,0.112,1142.0
OY_IL10_AI_250210_44gr_MB1_Run01,C03,hom2,0.408,0.1281,0.2937,0.4078,0.1704,1140.0
OY_IL10_AI_250210_44gr_MB1_Run01,C04,hom1,0.429,0.1307,0.4291,0.3026,0.1376,1138.0
OY_IL10_AI_250210_44gr_MB1_Run01,C05,hom1,0.511,0.0094,0.5112,0.3546,0.1247,1136.0
OY_IL10_AI_250210_44gr_MB1_Run01,C06,hom1,0.488,0.0115,0.4879,0.3609,0.1397,1159.0
OY_IL10_AI_250210_44gr_MB1_Run01,C07,hom2,0.489,0.0112,0.3738,0.4894,0.1256,1135.0
OY_IL10_AI_250210_44gr_MB1_Run01,C08,hom2,0.481,0.0394,0.3538,0.4808,0.126,1135.0
OY_IL10_AI_250210_44gr_MB1_Run01,C09,hom1,0.463,0.0088,0.4634,0.439,0.0888,1139.0
OY_IL10_AI_250210_44gr_MB1_Run01,C10,hom2,0.539,0.0001,0.3613,0.539,0.0996,1140.0
OY_IL10_AI_250210_44gr_MB1_Run01,C11,hom1,0.467,0.0274,0.4674,0.3598,0.1454,1138.0
OY_IL10_AI_250210_44gr_MB1_Run01,C12,hom1,0.435,0.0288,0.4354,0.3871,0.1486,1138.0
OY_IL10_AI_250210_44gr_MB1_Run01,D01,hom1,0.533,0.0021,0.5335,0.3217,0.1427,1140.0
OY_IL10_AI_250210_44gr_MB1_Run01,D02,hom2,0.542,0.0156,0.3257,0.5424,0.1162,1138.0
OY_IL10_AI_250210_44gr_MB1_Run01,D03,hom2,0.434,0.106,0.3332,0.4335,0.1272,1135.0
OY_IL10_AI_250210_44gr_MB1_Run01,D04,hom2,0.344,0.0989,0.3396,0.3435,0.218,1141.0
OY_IL10_AI_250210_44gr_MB1_Run01,D05,hom1,0.511,0.0068,0.5106,0.37,0.1126,1140.0
OY_IL10_AI_250210_44gr_MB1_Run01,D06,hom1,0.366,0.0754,0.3664,0.2827,0.2754,1140.0
OY_IL10_AI_250210_44gr_MB1_Run01,D07,hom1,0.414,0.0041,0.4136,0.3017,0.2806,1146.0
OY_IL10_AI_250210_44gr_MB1_Run01,D08,hom2,0.505,0.0182,0.3335,0.5051,0.1432,1142.0
OY_IL10_AI_250210_44gr_MB1_Run01,D09,hom1,0.511,0.016,0.5108,0.3387,0.1344,1140.0
OY_IL10_AI_250210_44gr_MB1_Run01,D10,hom2,0.463,0.0179,0.3813,0.4631,0.1377,1138.0
OY_IL10_AI_250210_44gr_MB1_Run01,D11,hom2,0.436,0.0169,0.4249,0.4361,0.1221,1141.0
OY_IL10_AI_250210_44gr_MB1_Run01,D12,hom1,0.399,0.0505,0.399,0.3609,0.1896,1142.0
OY_IL10_AI_250210_44gr_MB1_Run01,E01,het,0.649,0.0091,0.1707,0.1715,0.6487,1138.0
OY_IL10_AI_250210_44gr_MB1_Run01,E02,het,0.676,0.0212,0.1728,0.1298,0.6763,1142.0
OY_IL10_AI_250210_44gr_MB1_Run01,E03,het,0.696,0.0193,0.2046,0.0799,0.6962,1138.0
OY_IL10_AI_250210_44gr_MB1_Run01,E04,het,0.637,0.0301,0.2595,0.0738,0.6366,1136.0
OY_IL10_AI_250210_44gr_MB1_Run01,E05,het,0.699,0.0124,0.2093,0.0795,0.6988,1124.0
OY_IL10_AI_250210_44gr_MB1_Run01,E06,het,0.566,0.0123,0.2802,0.1416,0.5659,1141.0
OY_IL10_AI_250210_44gr_MB1_Run01,E07,het,0.552,0.0867,0.2779,0.0839,0.5516,1140.0
OY_IL10_AI_250210_44gr_MB1_Run01,E08,het,0.594,0.0313,0.2441,0.1301,0.5945,1135.0
OY_IL10_AI_250210_44gr_MB1_Run01,E09,het,0.729,0.0231,0.171,0.0774,0.7285,1139.0
OY_IL10_AI_250210_44gr_MB1_Run01,E10,het,0.679,0.0361,0.1878,0.0971,0.679,1143.0
OY_IL10_AI_250210_44gr_MB1_Run01,E11,het,0.717,0.0103,0.2081,0.0642,0.7173,1141.0
OY_IL10_AI_250210_44gr_MB1_Run01,E12,het,0.723,0.0079,0.2185,0.0505,0.7231,1140.0
OY_IL10_AI_250210_44gr_MB1_Run01,F01,het,0.748,0.0032,0.2117,0.0376,0.7475,1138.0
OY_IL10_AI_250210_44gr_MB1_Run01,F02,het,0.742,0.0183,0.1786,0.0615,0.7415,1136.0
OY_IL10_AI_250210_44gr_MB1_Run01,F03,het,0.721,0.0332,0.1825,0.0635,0.7208,1138.0
OY_IL10_AI_250210_44gr_MB1_Run01,F04,hom1,0.331,0.2391,0.331,0.1403,0.2896,1142.0
OY_IL10_AI_250210_44gr_MB1_Run01,F05,het,0.697,0.0177,0.2035,0.0819,0.697,1140.0
OY_IL10_AI_250210_44gr_MB1_Run01,F06,het,0.643,0.0104,0.2365,0.1097,0.6435,1140.0
OY_IL10_AI_250210_44gr_MB1_Run01,F07,het,0.487,0.0654,0.3217,0.1259,0.4869,1133.0
OY_IL10_AI_250210_44gr_MB1_Run01,F08,het,0.584,0.06,0.2333,0.1223,0.5844,1131.0
OY_IL10_AI_250210_44gr_MB1_Run01,F09,het,0.695,0.0122,0.2291,0.0633,0.6954,1143.0
OY_IL10_AI_250210_44gr_MB1_Run01,F10,het,0.709,0.0322,0.1713,0.0878,0.7088,1141.0
OY_IL10_AI_250210_44gr_MB1_Run01,F11,het,0.655,0.0157,0.2845,0.0445,0.6554,1136.0
OY_IL10_AI_250210_44gr_MB1_Run01,F12,het,0.645,0.0192,0.2403,0.0954,0.6451,1136.0
OY_IL10_AI_250210_44gr_MB1_Run01,G01,het,0.691,0.0228,0.2141,0.0717,0.6914,1140.0
OY_IL10_AI_250210_44gr_MB1_Run01,G02,het,0.66,0.0095,0.2106,0.1196,0.6603,1142.0
OY_IL10_AI_250210_44gr_MB1_Run01,G03,het,0.63,0.0205,0.2402,0.1088,0.6305,1140.0
OY_IL10_AI_250210_44gr_MB1_Run01,G04,het,0.545,0.0807,0.2322,0.1421,0.5451,1134.0
OY_IL10_AI_250210_44gr_MB1_Run01,G05,het,0.663,0.0278,0.2192,0.0901,0.6629,1133.0
OY_IL10_AI_250210_44gr_MB1_Run01,G06,het,0.526,0.0337,0.3338,0.1062,0.5263,1140.0
OY_IL10_AI_250210_44gr_MB1_Run01,G07,het,0.65,0.0167,0.2313,0.1022,0.6499,1141.0
OY_IL10_AI_250210_44gr_MB1_Run01,G08,het,0.597,0.0235,0.2439,0.1358,0.5968,1140.0
OY_IL10_AI_250210_44gr_MB1_Run01,G09,het,0.803,0.0057,0.124,0.0677,0.8025,1139.0
OY_IL10_AI_250210_44gr_MB1_Run01,G10,het,0.635,0.022,0.2596,0.0838,0.6346,1141.0
OY_IL10_AI_250210_44gr_MB1_Run01,G11,het,0.668,0.0182,0.2573,0.0566,0.6679,1132.0
OY_IL10_AI_250210_44gr_MB1_Run01,G12,het,0.769,0.0049,0.1477,0.0788,0.7686,1138.0
OY_IL10_AI_250210_44gr_MB1_Run01,H01,het,0.724,0.0217,0.1574,0.0965,0.7244,1137.0
OY_IL10_AI_250210_44gr_MB1_Run01,H02,het,0.684,0.004,0.1747,0.1373,0.6839,1144.0
OY_IL10_AI_250210_44gr_MB1_Run01,H03,het,0.522,0.0265,0.3196,0.1318,0.5221,1144.0
OY_IL10_AI_250210_44gr_MB1_Run01,H04,het,0.641,0.0099,0.1939,0.1549,0.6413,1137.0
OY_IL10_AI_250210_44gr_MB1_Run01,H05,het,0.398,0.0796,0.2709,0.2516,0.3979,1148.0
OY_IL10_AI_250210_44gr_MB1_Run01,H06,het,0.661,0.0153,0.1795,0.1437,0.6614,1145.0
OY_IL10_AI_250210_44gr_MB1_Run01,H07,het,0.555,0.0502,0.3202,0.0749,0.5546,1141.0
OY_IL10_AI_250210_44gr_MB1_Run01,H08,het,0.596,0.0296,0.2589,0.1158,0.5957,1139.0
OY_IL10_AI_250210_44gr_MB1_Run01,H09,het,0.76,0.0127,0.1381,0.0891,0.76,1143.0
OY_IL10_AI_250210_44gr_MB1_Run01,H10,het,0.752,0.0069,0.1404,0.1009,0.7518,1143.0
OY_IL10_AI_250210_44gr_MB1_Run01,H11,het,0.672,0.0103,0.2591,0.0581,0.6725,1141.0
OY_IL10_AI_250210_44gr_MB1_Run01,H12,het,0.596,0.0265,0.2213,0.1563,0.596,1135.0
OY_IL10_N10_090910Run01,A01,het,0.408,0.0559,0.3303,0.2055,0.4083,1144.0
OY_IL10_N10_090910Run01,A02,hom1,0.408,0.0202,0.4077,0.2478,0.3243,1148.0
OY_IL10_N10_090910Run01,A03,hom1,0.377,0.0164,0.3771,0.2401,0.3664,1144.0
OY_IL10_N10_090910Run01,A04,het,0.381,0.0843,0.3287,0.2064,0.3807,1137.0
OY_IL10_N10_090910Run01,A05,hom1,0.438,0.0177,0.438,0.1739,0.3704,1138.0
OY_IL10_N10_090910Run01,A06,fail,1.0,0.9998,0.0,0.0,0.0002,1138.0
OY_IL10_N10_090910Run01,A07,het,0.465,0.0089,0.338,0.1878,0.4652,1135.0
OY_IL10_N10_090910Run01,A08,het,0.415,0.0031,0.3718,0.2105,0.4146,1129.0
OY_IL10_N10_090910Run01,A09,het,0.32,0.2292,0.2936,0.1569,0.3203,1144.0
OY_IL10_N10_090910Run01,A10,het,0.323,0.1179,0.3161,0.2432,0.3229,1137.0
OY_IL10_N10_090910Run01,A11,hom2,0.357,0.0214,0.3534,0.3573,0.2679,1143.0
OY_IL10_N10_090910Run01,A12,het,0.437,0.0484,0.3573,0.1577,0.4365,1140.0
OY_IL10_N10_090910Run01,B01,het,0.406,0.0962,0.3373,0.1606,0.4059,1127.0
OY_IL10_N10_090910Run01,B02,fail,0.989,0.9886,0.0011,0.0033,0.007,1140.0
OY_IL10_N10_090910Run01,B03,hom1,0.355,0.1711,0.3547,0.2333,0.2408,1138.0
OY_IL10_N10_090910Run01,B04,hom2,0.382,0.0271,0.326,0.382,0.2649,1137.0
OY_IL10_N10_090910Run01,B05,hom1,0.381,0.1504,0.381,0.2253,0.2433,1140.0
OY_IL10_N10_090910Run01,B06,hom1,0.429,0.0877,0.4286,0.1783,0.3054,1134.0
OY_IL10_N10_090910Run01,B07,het,0.738,0.0109,0.1831,0.0676,0.7385,1145.0
OY_IL10_N10_090910Run01,B08,hom1,0.416,0.0288,0.4158,0.3616,0.1939,1140.0
OY_IL10_N10_090910Run01,B09,hom1,0.462,0.0213,0.4615,0.2302,0.287,1140.0
OY_IL10_N10_090910Run01,B10,het,0.378,0.022,0.359,0.2411,0.3779,1137.0
OY_IL10_N10_090910Run01,B11,het,0.405,0.0063,0.3709,0.2181,0.4047,1134.0
OY_IL10_N10_090910Run01,B12,het,0.442,0.156,0.2085,0.1931,0.4424,1147.0
OY_IL10_N10_090910Run01,C01,het,0.537,0.0354,0.2911,0.1368,0.5366,1138.0
OY_IL10_N10_090910Run01,C02,het,0.497,0.008,0.3369,0.1577,0.4975,1133.0
OY_IL10_N10_090910Run01,C03,hom1,0.402,0.0235,0.4022,0.1849,0.3894,1156.0
OY_IL10_N10_090910Run01,C04,het,0.365,0.0831,0.3367,0.2155,0.3646,1126.0
OY_IL10_N10_090910Run01,C05,het,0.492,0.0053,0.3689,0.1342,0.4915,1133.0
OY_IL10_N10_090910Run01,C06,het,0.437,0.0017,0.4044,0.1564,0.4375,1136.0
OY_IL10_N10_090910Run01,C07,het,0.475,0.0049,0.3413,0.1786,0.4752,1141.0
OY_IL10_N10_090910Run01,C08,het,0.366,0.1559,0.3289,0.1494,0.3658,1158.0
OY_IL10_N10_090910Run01,C09,het,0.677,0.0271,0.1726,0.1235,0.6768,1125.0
OY_IL10_N10_090910Run01,C10,het,0.591,0.0245,0.2987,0.0855,0.5912,1146.0
OY_IL10_N10_090910Run01,C11,hom1,0.487,0.03,0.487,0.1852,0.2978,1140.0
OY_IL10_N10_090910Run01,C12,het,0.491,0.1586,0.2376,0.1126,0.4912,1142.0
OY_IL10_N10_090910Run01,D01,het,0.536,0.0614,0.2791,0.1232,0.5363,1143.0
OY_IL10_N10_090910Run01,D02,het,0.451,0.0668,0.307,0.1756,0.4506,1127.0
OY_IL10_N10_090910Run01,D03,hom1,0.463,0.0106,0.4628,0.247,0.2796,1129.0
OY_IL10_N10_090910Run01,D04,hom1,0.413,0.0408,0.4131,0.2916,0.2546,1137.0
OY_IL10_N10_090910Run01,D05,hom1,0.46,0.0098,0.4603,0.2066,0.3233,1145.0
OY_IL10_N10_090910Run01,D06,het,0.459,0.0101,0.3966,0.1346,0.4586,1139.0
OY_IL10_N10_090910Run01,D07,het,0.4,0.011,0.3926,0.196,0.4004,1120.0
OY_IL10_N10_090910Run01,D08,het,0.65,0.0017,0.2478,0.101,0.6496,1139.0
OY_IL10_N10_090910Run01,D09,het,0.605,0.0,0.301,0.0939,0.6051,1142.0
OY_IL10_N10_090910Run01,D10,hom1,0.435,0.0083,0.4355,0.2617,0.2945,1139.0
OY_IL10_N10_090910Run01,D11,fail,0.999,0.9989,0.0004,0.0,0.0008,1143.0
OY_IL10_N10_090910Run01,D12,hom2,0.354,0.0149,0.3493,0.354,0.2818,1143.0
OY_IL10_N10_090910Run01,E01,fail,0.492,0.492,0.1471,0.0868,0.2742,1144.0
OY_IL10_N10_090910Run01,E02,hom1,0.459,0.0053,0.4588,0.2515,0.2845,1150.0
OY_IL10_N10_090910Run01,E03,hom1,0.422,0.0066,0.4221,0.2232,0.3481,1136.0
OY_IL10_N10_090910Run01,E04,hom1,0.391,0.0177,0.3914,0.3006,0.2903,1150.0
OY_IL10_N10_090910Run01,E05,het,0.644,0.0609,0.2011,0.0939,0.6441,1140.0
OY_IL10_N10_090910Run01,E06,het,0.459,0.004,0.3531,0.1839,0.4589,1131.0
OY_IL10_N10_090910Run01,E07,hom1,0.42,0.0518,0.4201,0.2679,0.2601,1147.0
OY_IL10_N10_090910Run01,E08,hom1,0.456,0.0256,0.4562,0.1409,0.3773,1135.0
OY_IL10_N10_090910Run01,E09,fail,0.31,0.3098,0.3065,0.1176,0.2661,1131.0
OY_IL10_N10_090910Run01,E10,het,0.616,0.0016,0.2137,0.1686,0.6161,1130.0
OY_IL10_N10_090910Run01,E11,het,0.551,0.0234,0.3207,0.1047,0.5513,1137.0
OY_IL10_N10_090910Run01,E12,het,0.376,0.0813,0.3015,0.2415,0.3758,1136.0
OY_IL10_N10_090910Run01,F01,het,0.569,0.0334,0.2793,0.1187,0.5685,1144.0
OY_IL10_N10_090910Run01,F02,het,0.555,0.0,0.3167,0.1278,0.5555,1153.0
OY_IL10_N10_090910Run01,F03,het,0.4,0.0017,0.3945,0.2043,0.3996,1141.0
OY_IL10_N10_090910Run01,F04,het,0.462,0.1033,0.3256,0.1096,0.4615,1134.0
OY_IL10_N10_090910Run01,F05,het,0.45,0.0323,0.3898,0.1275,0.4504,1137.0
OY_IL10_N10_090910Run01,F06,hom1,0.394,0.0586,0.3936,0.1781,0.3698,1136.0
OY_IL10_N10_090910Run01,F07,het,0.759,0.0258,0.1607,0.0545,0.759,1133.0
OY_IL10_N10_090910Run01,F08,het,0.657,0.0536,0.1804,0.1087,0.6573,1129.0
OY_IL10_N10_090910Run01,F09,het,0.533,0.0784,0.2917,0.0967,0.5332,1131.0
OY_IL10_N10_090910Run01,F10,hom1,0.43,0.0066,0.4298,0.2515,0.3121,1138.0
OY_IL10_N10_090910Run01,F11,het,0.572,0.0662,0.2834,0.078,0.5724,1135.0
OY_IL10_N10_090910Run01,F12,het,0.499,0.1862,0.2016,0.1127,0.4994,1140.0
OY_IL10_N10_090910Run01,G01,het,0.432,0.2652,0.2255,0.0769,0.4324,1166.0
OY_IL10_N10_090910Run01,G02,het,0.391,0.059,0.3809,0.169,0.3911,1139.0
OY_IL10_N10_090910Run01,G03,hom1,0.438,0.0282,0.4382,0.2574,0.2761,1135.0
OY_IL10_N10_090910Run01,G04,hom1,0.45,0.0127,0.4503,0.2933,0.2436,1140.0
OY_IL10_N10_090910Run01,G05,het,0.576,0.0183,0.3148,0.0907,0.5762,1144.0
OY_IL10_N10_090910Run01,G06,het,0.445,0.0832,0.3202,0.1515,0.4451,1132.0
OY_IL10_N10_090910Run01,G07,het,0.457,0.0282,0.3366,0.1781,0.4571,1142.0
OY_IL10_N10_090910Run01,G08,hom1,0.391,0.0163,0.391,0.2211,0.3716,1135.0
OY_IL10_N10_090910Run01,G09,hom2,0.411,0.0096,0.394,0.4115,0.185,1140.0
OY_IL10_N10_090910Run01,G10,het,0.473,0.225,0.2141,0.0877,0.4732,1138.0
OY_IL10_N10_090910Run01,G11,het,0.509,0.005,0.3069,0.1795,0.5085,1128.0
OY_IL10_N10_090910Run01,G12,het,0.389,0.0422,0.3036,0.2656,0.3886,1141.0
OY_IL10_N10_090910Run01,H01,het,0.406,0.096,0.3195,0.1787,0.4057,1135.0
OY_IL10_N10_090910Run01,H02,het,0.412,0.3054,0.2276,0.0553,0.4117,1135.0
OY_IL10_N10_090910Run01,H03,hom2,0.394,0.0125,0.3063,0.3943,0.2868,1147.0
OY_IL10_N10_090910Run01,H04,het,0.3,0.1743,0.2983,0.2274,0.3,1143.0
OY_IL10_N10_090910Run01,H05,hom1,0.377,0.0114,0.3768,0.3343,0.2775,1139.0
OY_IL10_N10_090910Run01,H06,hom1,0.382,0.0218,0.3819,0.2173,0.379,1135.0
OY_IL10_N10_090910Run01,H07,hom1,0.419,0.0154,0.4195,0.3149,0.2502,1139.0
OY_IL10_N10_090910Run01,H08,het,0.517,0.0102,0.3108,0.1624,0.5166,1130.0
OY_IL10_N10_090910Run01,H09,hom1,0.44,0.0114,0.4396,0.3059,0.2431,1145.0
OY_IL10_N10_090910Run01,H10,het,0.452,0.0158,0.3254,0.2065,0.4522,1137.0
OY_IL10_N10_090910Run01,H11,het,0.752,0.0228,0.1361,0.0889,0.7522,1136.0
OY_IL10_N10_090910Run01,H12,hom1,0.391,0.0602,0.3914,0.3006,0.2478,1134.0
OY_IL10_N11_090910Run01,A01,het,0.517,0.0555,0.2629,0.1643,0.5173,1130.0
OY_IL10_N11_090910Run01,A02,hom1,0.406,0.018,0.4061,0.3258,0.2501,1141.0
OY_IL10_N11_090910Run01,A03,hom1,0.615,0.0024,0.6151,0.2313,0.1512,1143.0
OY_IL10_N11_090910Run01,A04,het,0.615,0.0102,0.259,0.1158,0.6151,1131.0
OY_IL10_N11_090910Run01,A05,hom2,0.495,0.0047,0.4171,0.4952,0.083,1135.0
OY_IL10_N11_090910Run01,A06,fail,0.999,0.9992,0.0006,0.0,0.0002,1141.0
OY_IL10_N11_090910Run01,A07,het,0.597,0.0068,0.2756,0.1209,0.5967,1136.0
OY_IL10_N11_090910Run01,A08,hom2,0.573,0.0023,0.3376,0.5733,0.0868,1140.0
OY_IL10_N11_090910Run01,A09,het,0.344,0.1709,0.2519,0.2335,0.3437,1146.0
OY_IL10_N11_090910Run01,A10,het,0.529,0.0728,0.2969,0.1011,0.5293,1141.0
OY_IL10_N11_090910Run01,A11,het,0.54,0.1029,0.2552,0.1017,0.5403,1156.0
OY_IL10_N11_090910Run01,A12,het,0.412,0.0089,0.2937,0.2851,0.4123,1132.0
OY_IL10_N11_090910Run01,B01,het,0.542,0.0452,0.2719,0.1411,0.5418,1146.0
OY_IL10_N11_090910Run01,B02,fail,0.999,0.9994,0.0006,0.0,0.0,1141.0
OY_IL10_N11_090910Run01,B03,hom1,0.384,0.0928,0.3835,0.3541,0.1696,1145.0
OY_IL10_N11_090910Run01,B04,hom2,0.53,0.002,0.3445,0.5301,0.1234,1134.0
OY_IL10_N11_090910Run01,B05,het,0.473,0.1055,0.3064,0.1154,0.4727,1141.0
OY_IL10_N11_090910Run01,B06,hom1,0.434,0.0888,0.4336,0.2811,0.1965,1151.0
OY_IL10_N11_090910Run01,B07,hom2,0.514,0.0076,0.387,0.5136,0.0918,1136.0
OY_IL10_N11_090910Run01,B08,hom1,0.423,0.0278,0.4232,0.4208,0.1282,1132.0
OY_IL10_N11_090910Run01,B09,hom1,0.519,0.0082,0.5191,0.3677,0.105,1145.0
OY_IL10_N11_090910Run01,B10,het,0.507,0.0092,0.3538,0.1298,0.5072,1131.0
OY_IL10_N11_090910Run01,B11,het,0.737,0.0071,0.1943,0.0614,0.7372,1152.0
OY_IL10_N11_090910Run01,B12,het,0.498,0.0458,0.3024,0.1541,0.4977,1138.0
OY_IL10_N11_090910Run01,C01,het,0.504,0.0531,0.2532,0.1901,0.5037,1136.0
OY_IL10_N11_090910Run01,C02,hom1,0.554,0.0072,0.5542,0.2926,0.1459,1150.0
OY_IL10_N11_090910Run01,C03,hom1,0.656,0.0148,0.6563,0.2121,0.1168,1148.0
OY_IL10_N11_090910Run01,C04,hom1,0.494,0.0111,0.4942,0.3291,0.1655,1145.0
OY_IL10_N11_090910Run01,C05,hom2,0.471,0.0067,0.3892,0.471,0.1331,1152.0
OY_IL10_N11_090910Run01,C06,hom2,0.535,0.0001,0.3702,0.5351,0.0946,1143.0
OY_IL10_N11_090910Run01,C07,hom1,0.386,0.0082,0.386,0.2525,0.3533,1147.0
OY_IL10_N11_090910Run01,C08,het,0.488,0.1433,0.2525,0.116,0.4882,1143.0
OY_IL10_N11_090910Run01,C09,het,0.768,0.0145,0.1488,0.0692,0.7675,1147.0
OY_IL10_N11_090910Run01,C10,het,0.37,0.0513,0.3469,0.2317,0.37,1148.0
OY_IL10_N11_090910Run01,C11,het,0.528,0.0644,0.2486,0.159,0.528,1133.0
OY_IL10_N11_090910Run01,C12,het,0.633,0.0384,0.1899,0.1388,0.633,1143.0
OY_IL10_N11_090910Run01,D01,hom2,0.456,0.0673,0.2953,0.4558,0.1815,1124.0
OY_IL10_N11_090910Run01,D02,het,0.509,0.0073,0.3164,0.167,0.5093,1148.0
OY_IL10_N11_090910Run01,D03,hom1,0.449,0.1114,0.4492,0.2941,0.1453,1126.0
OY_IL10_N11_090910Run01,D04,het,0.705,0.0239,0.1907,0.08,0.7053,1142.0
OY_IL10_N11_090910Run01,D05,het,0.572,0.0089,0.2722,0.1468,0.5721,1139.0
OY_IL10_N11_090910Run01,D06,het,0.59,0.0137,0.2929,0.1034,0.59,1140.0
OY_IL10_N11_090910Run01,D07,hom2,0.505,0.0199,0.339,0.505,0.1361,1148.0
OY_IL10_N11_090910Run01,D08,het,0.575,0.0136,0.31,0.101,0.5755,1142.0
OY_IL10_N11_090910Run01,D09,het,0.515,0.0014,0.3836,0.0996,0.5154,1145.0
OY_IL10_N11_090910Run01,D10,het,0.575,0.0392,0.2905,0.0957,0.5746,1143.0
OY_IL10_N11_090910Run01,D11,fail,0.999,0.9985,0.0013,0.0,0.0002,1136.0
OY_IL10_N11_090910Run01,D12,hom2,0.479,0.0512,0.2926,0.4788,0.1774,1141.0
OY_IL10_N11_090910Run01,E01,fail,0.536,0.536,0.1379,0.0632,0.2629,1127.0
OY_IL10_N11_090910Run01,E02,het,0.453,0.0167,0.3659,0.164,0.4534,1130.0
OY_IL10_N11_090910Run01,E03,hom1,0.386,0.1349,0.386,0.3257,0.1534,1146.0
OY_IL10_N11_090910Run01,E04,hom1,0.31,0.1589,0.3098,0.2952,0.236,1149.0
OY_IL10_N11_090910Run01,E05,het,0.523,0.0321,0.2827,0.1619,0.5233,1132.0
OY_IL10_N11_090910Run01,E06,het,0.585,0.0022,0.2776,0.135,0.5853,1148.0
OY_IL10_N11_090910Run01,E07,het,0.571,0.0306,0.2764,0.1221,0.5709,1147.0
OY_IL10_N11_090910Run01,E08,hom1,0.422,0.0573,0.4217,0.2878,0.2332,1141.0
OY_IL10_N11_090910Run01,E09,het,0.609,0.0264,0.2196,0.1453,0.6087,1139.0
OY_IL10_N11_090910Run01,E10,hom2,0.45,0.0019,0.3894,0.4498,0.1589,1142.0
OY_IL10_N11_090910Run01,E11,het,0.556,0.0404,0.2998,0.1035,0.5563,1137.0
OY_IL10_N11_090910Run01,E12,hom2,0.347,0.0474,0.3316,0.3468,0.2742,1153.0
OY_IL10_N11_090910Run01,F01,hom2,0.451,0.058,0.2812,0.451,0.2098,1139.0
OY_IL10_N11_090910Run01,F02,het,0.758,0.0055,0.2039,0.0328,0.7578,1122.0
OY_IL10_N11_090910Run01,F03,hom2,0.538,0.0051,0.3653,0.5384,0.0912,1132.0
OY_IL10_N11_090910Run01,F04,het,0.682,0.0548,0.2008,0.0621,0.6823,1148.0
OY_IL10_N11_090910Run01,F05,hom2,0.554,0.014,0.3209,0.5542,0.1109,1142.0
OY_IL10_N11_090910Run01,F06,het,0.608,0.0432,0.2115,0.1375,0.6078,1136.0
OY_IL10_N11_090910Run01,F07,hom1,0.48,0.0091,0.4799,0.1663,0.3447,1137.0
OY_IL10_N11_090910Run01,F08,het,0.432,0.2486,0.2249,0.0942,0.4323,1138.0
OY_IL10_N11_090910Run01,F09,het,0.522,0.1805,0.2117,0.0858,0.522,1142.0
OY_IL10_N11_090910Run01,F10,het,0.62,0.0341,0.2325,0.1135,0.6199,1132.0
OY_IL10_N11_090910Run01,F11,het,0.458,0.0599,0.3208,0.1614,0.4579,1140.0
OY_IL10_N11_090910Run01,F12,hom1,0.347,0.1072,0.3465,0.3447,0.2016,1127.0
OY_IL10_N11_090910Run01,G01,het,0.711,0.0341,0.1663,0.0885,0.7111,1142.0
OY_IL10_N11_090910Run01,G02,hom1,0.422,0.0613,0.4219,0.3201,0.1966,1136.0
OY_IL10_N11_090910Run01,G03,hom2,0.44,0.028,0.3908,0.4396,0.1416,1132.0
OY_IL10_N11_090910Run01,G04,het,0.552,0.0093,0.374,0.0644,0.5524,1129.0
OY_IL10_N11_090910Run01,G05,hom1,0.427,0.0228,0.4268,0.2863,0.2641,1143.0
OY_IL10_N11_090910Run01,G06,hom1,0.569,0.0422,0.5694,0.2184,0.1699,1136.0
OY_IL10_N11_090910Run01,G07,het,0.779,0.0051,0.1384,0.0778,0.7787,1149.0
OY_IL10_N11_090910Run01,G08,hom2,0.415,0.0241,0.3626,0.415,0.1983,1143.0
OY_IL10_N11_090910Run01,G09,hom1,0.463,0.019,0.4626,0.3005,0.2179,1150.0
OY_IL10_N11_090910Run01,G10,het,0.344,0.2309,0.3164,0.1083,0.3443,1135.0
OY_IL10_N11_090910Run01,G11,het,0.396,0.0523,0.3655,0.1859,0.3964,1129.0
OY_IL10_N11_090910Run01,G12,hom2,0.46,0.0372,0.3448,0.4603,0.1578,1149.0
OY_IL10_N11_090910Run01,H01,het,0.607,0.0294,0.2596,0.1045,0.6066,1145.0
OY_IL10_N11_090910Run01,H02,hom1,0.403,0.0714,0.4032,0.2655,0.2598,1139.0
OY_IL10_N11_090910Run01,H03,hom2,0.508,0.0337,0.2953,0.5077,0.1634,1144.0
OY_IL10_N11_090910Run01,H04,het,0.479,0.1046,0.2991,0.1169,0.4795,1140.0
OY_IL10_N11_090910Run01,H05,het,0.604,0.0067,0.2777,0.1115,0.6041,1155.0
OY_IL10_N11_090910Run01,H06,het,0.571,0.0235,0.2656,0.1403,0.5706,1142.0
OY_IL10_N11_090910Run01,H07,hom1,0.468,0.0178,0.4678,0.4186,0.0959,1133.0
OY_IL10_N11_090910Run01,H08,het,0.492,0.0186,0.27,0.2198,0.4917,1133.0
OY_IL10_N11_090910Run01,H09,hom1,0.431,0.0472,0.4313,0.399,0.1224,1143.0
OY_IL10_N11_090910Run01,H10,hom2,0.511,0.0208,0.3368,0.5106,0.1318,1154.0
OY_IL10_N11_090910Run01,H11,het,0.686,0.0373,0.1843,0.0929,0.6856,1122.0
OY_IL10_N11_090910Run01,H12,het,0.438,0.0465,0.2969,0.2183,0.4383,1137.0
OY_IL10_N1_080910Run01,A01,hom1,0.346,0.0838,0.3456,0.2609,0.3097,1135.0
OY_IL10_N1_080910Run01,A02,hom1,0.433,0.0072,0.4328,0.2131,0.3469,1151.0
OY_IL10_N1_080910Run01,A03,hom1,0.47,0.0278,0.4704,0.2746,0.2272,1139.0
OY_IL10_N1_080910Run01,A04,hom1,0.411,0.0357,0.4114,0.2631,0.2898,1144.0
OY_IL10_N1_080910Run01,A05,het,0.41,0.0029,0.3892,0.1982,0.4097,1138.0
OY_IL10_N1_080910Run01,A06,fail,0.96,0.9596,0.0113,0.0134,0.0158,1140.0
OY_IL10_N1_080910Run01,A07,hom1,0.512,0.0066,0.5119,0.2725,0.209,1137.0
OY_IL10_N1_080910Run01,A08,hom1,0.44,0.004,0.4398,0.3095,0.2467,1141.0
OY_IL10_N1_080910Run01,A09,hom1,0.344,0.1556,0.3437,0.1776,0.3232,1141.0
OY_IL10_N1_080910Run01,A10,hom1,0.399,0.0897,0.3994,0.1687,0.3423,1143.0
OY_IL10_N1_080910Run01,A11,hom1,0.361,0.0132,0.3613,0.3271,0.2985,1142.0
OY_IL10_N1_080910Run01,A12,hom1,0.373,0.0365,0.3733,0.2853,0.3048,1135.0
OY_IL10_N1_080910Run01,B01,het,0.48,0.037,0.3118,0.1714,0.4798,1157.0
OY_IL10_N1_080910Run01,B02,fail,0.957,0.9569,0.0059,0.0142,0.023,1145.0
OY_IL10_N1_080910Run01,B03,het,0.32,0.1459,0.3004,0.2339,0.3198,1156.0
OY_IL10_N1_080910Run01,B04,hom1,0.451,0.0269,0.451,0.2406,0.2815,1145.0
OY_IL10_N1_080910Run01,B05,hom1,0.395,0.0166,0.3954,0.2592,0.3287,1141.0
OY_IL10_N1_080910Run01,B06,het,0.458,0.0612,0.3805,0.1004,0.4579,1143.0
OY_IL10_N1_080910Run01,B07,hom1,0.491,0.0132,0.4909,0.1335,0.3623,1143.0
OY_IL10_N1_080910Run01,B08,hom2,0.355,0.0141,0.3427,0.355,0.2882,1139.0
OY_IL10_N1_080910Run01,B09,hom1,0.546,0.0048,0.5461,0.2001,0.249,1140.0
OY_IL10_N1_080910Run01,B10,hom1,0.466,0.0158,0.4657,0.2532,0.2652,1139.0
OY_IL10_N1_080910Run01,B11,het,0.566,0.11,0.2265,0.0972,0.5663,1137.0
OY_IL10_N1_080910Run01,B12,hom1,0.338,0.0564,0.3376,0.2795,0.3266,1141.0
OY_IL10_N1_080910Run01,C01,het,0.463,0.0391,0.2915,0.206,0.4634,1140.0
OY_IL10_N1_080910Run01,C02,hom1,0.43,0.0041,0.4303,0.2057,0.36,1150.0
OY_IL10_N1_080910Run01,C03,hom1,0.493,0.014,0.4934,0.2104,0.2822,1149.0
OY_IL10_N1_080910Run01,C04,hom1,0.392,0.0152,0.3921,0.285,0.3077,1142.0
OY_IL10_N1_080910Run01,C05,hom1,0.461,0.0048,0.4607,0.1249,0.4096,1138.0
OY_IL10_N1_080910Run01,C06,het,0.404,0.0059,0.4015,0.1883,0.4043,1149.0
OY_IL10_N1_080910Run01,C07,het,0.367,0.0526,0.3525,0.2279,0.3671,1135.0
OY_IL10_N1_080910Run01,C08,het,0.467,0.2296,0.2136,0.0896,0.4672,1142.0
OY_IL10_N1_080910Run01,C09,het,0.539,0.0899,0.2671,0.1043,0.5387,1140.0
OY_IL10_N1_080910Run01,C10,het,0.718,0.0,0.1656,0.116,0.7183,1140.0
OY_IL10_N1_080910Run01,C11,hom1,0.325,0.2605,0.3245,0.1011,0.3139,1143.0
OY_IL10_N1_080910Run01,C12,fail,0.856,0.8562,0.0518,0.0278,0.0642,1139.0
OY_IL10_N1_080910Run01,D01,het,0.432,0.0209,0.3678,0.1798,0.4315,1137.0
OY_IL10_N1_080910Run01,D02,het,0.402,0.107,0.2935,0.1974,0.402,1147.0
OY_IL10_N1_080910Run01,D03,het,0.499,0.0155,0.332,0.1538,0.4987,1144.0
OY_IL10_N1_080910Run01,D04,het,0.405,0.072,0.2835,0.2391,0.4054,1142.0
OY_IL10_N1_080910Run01,D05,hom1,0.434,0.0173,0.4341,0.2834,0.2652,1134.0
OY_IL10_N1_080910Run01,D06,hom1,0.445,0.0265,0.4454,0.1422,0.3859,1146.0
OY_IL10_N1_080910Run01,D07,hom1,0.432,0.0262,0.4317,0.2798,0.2624,1143.0
OY_IL10_N1_080910Run01,D08,hom1,0.381,0.0147,0.3807,0.2246,0.38,1139.0
OY_IL10_N1_080910Run01,D09,het,0.487,0.0027,0.3244,0.1861,0.4868,1134.0
OY_IL10_N1_080910Run01,D10,hom1,0.48,0.0203,0.4797,0.2605,0.2396,1127.0
OY_IL10_N1_080910Run01,D11,fail,0.922,0.9218,0.0112,0.0293,0.0378,1140.0
OY_IL10_N1_080910Run01,D12,het,0.331,0.0719,0.3271,0.2702,0.3309,1133.0
OY_IL10_N1_080910Run01,E01,fail,0.465,0.4646,0.1679,0.0794,0.288,1138.0
OY_IL10_N1_080910Run01,E02,hom1,0.445,0.0133,0.4452,0.286,0.2556,1132.0
OY_IL10_N1_080910Run01,E03,het,0.371,0.0447,0.3316,0.253,0.3707,1160.0
OY_IL10_N1_080910Run01,E04,het,0.427,0.0342,0.2979,0.2408,0.427,1138.0
OY_IL10_N1_080910Run01,E05,hom1,0.425,0.0121,0.4248,0.1929,0.3703,1141.0
OY_IL10_N1_080910Run01,E06,het,0.419,0.0085,0.3695,0.203,0.4189,1149.0
OY_IL10_N1_080910Run01,E07,hom1,0.408,0.0229,0.4079,0.262,0.3072,1128.0
OY_IL10_N1_080910Run01,E08,hom1,0.49,0.0086,0.4896,0.1302,0.3716,1134.0
OY_IL10_N1_080910Run01,E09,het,0.424,0.0178,0.3454,0.2129,0.4238,1133.0
OY_IL10_N1_080910Run01,E10,hom2,0.385,0.0076,0.3464,0.3854,0.2606,1134.0
OY_IL10_N1_080910Run01,E11,het,0.694,0.0141,0.2282,0.064,0.6938,1138.0
OY_IL10_N1_080910Run01,E12,hom2,0.333,0.073,0.2802,0.3329,0.3139,1137.0
OY_IL10_N1_080910Run01,F01,het,0.503,0.0518,0.302,0.1435,0.5026,1135.0
OY_IL10_N1_080910Run01,F02,het,0.43,0.0191,0.3694,0.182,0.4295,1127.0
OY_IL10_N1_080910Run01,F03,hom1,0.4,0.011,0.4001,0.3104,0.2785,1141.0
OY_IL10_N1_080910Run01,F04,het,0.504,0.0394,0.3048,0.1516,0.5041,1144.0
OY_IL10_N1_080910Run01,F05,hom1,0.433,0.0012,0.4331,0.1534,0.4123,1132.0
OY_IL10_N1_080910Run01,F06,het,0.397,0.1091,0.3398,0.1538,0.3973,1135.0
OY_IL10_N1_080910Run01,F07,het,0.525,0.0025,0.3332,0.1389,0.5254,1145.0
OY_IL10_N1_080910Run01,F08,het,0.579,0.1418,0.1931,0.0863,0.5788,1145.0
OY_IL10_N1_080910Run01,F09,het,0.391,0.0728,0.3736,0.1624,0.3912,1136.0
OY_IL10_N1_080910Run01,F10,het,0.462,0.0055,0.3345,0.1981,0.4619,1141.0
OY_IL10_N1_080910Run01,F11,hom1,0.419,0.0177,0.4191,0.194,0.3693,1136.0
OY_IL10_N1_080910Run01,F12,fail,0.462,0.4625,0.1762,0.071,0.2903,1144.0
OY_IL10_N1_080910Run01,G01,fail,0.489,0.4893,0.1451,0.0489,0.3167,1143.0
OY_IL10_N1_080910Run01,G02,het,0.4,0.0635,0.3252,0.2111,0.4003,1142.0
OY_IL10_N1_080910Run01,G03,het,0.603,0.0295,0.2656,0.1021,0.6028,1135.0
OY_IL10_N1_080910Run01,G04,hom1,0.393,0.0184,0.3932,0.252,0.3363,1147.0
OY_IL10_N1_080910Run01,G05,het,0.532,0.0266,0.2812,0.1601,0.5321,1136.0
OY_IL10_N1_080910Run01,G06,het,0.459,0.0083,0.375,0.1574,0.4592,1143.0
OY_IL10_N1_080910Run01,G07,het,0.454,0.0033,0.2874,0.2553,0.454,1148.0
OY_IL10_N1_080910Run01,G08,het,0.56,0.0264,0.2698,0.1441,0.5597,1134.0
OY_IL10_N1_080910Run01,G09,het,0.389,0.0057,0.3326,0.2729,0.3888,1142.0
OY_IL10_N1_080910Run01,G10,het,0.378,0.2823,0.2472,0.0928,0.3777,1142.0
OY_IL10_N1_080910Run01,G11,hom1,0.45,0.0238,0.4501,0.2278,0.2983,1135.0
OY_IL10_N1_080910Run01,G12,het,0.326,0.0537,0.3248,0.2951,0.3264,1139.0
OY_IL10_N1_080910Run01,H01,het,0.403,0.0776,0.3558,0.1638,0.4028,1145.0
OY_IL10_N1_080910Run01,H02,fail,0.503,0.5032,0.1858,0.0573,0.2537,1139.0
OY_IL10_N1_080910Run01,H03,het,0.404,0.0474,0.3278,0.2207,0.4041,1141.0
OY_IL10_N1_080910Run01,H04,hom1,0.352,0.0655,0.3524,0.2744,0.3077,1129.0
OY_IL10_N1_080910Run01,H05,het,0.456,0.0158,0.365,0.1631,0.4561,1138.0
OY_IL10_N1_080910Run01,H06,het,0.375,0.1166,0.3363,0.1718,0.3753,1144.0
OY_IL10_N1_080910Run01,H07,hom1,0.418,0.0173,0.4179,0.1894,0.3754,1156.0
OY_IL10_N1_080910Run01,H08,hom1,0.435,0.0349,0.435,0.1704,0.3597,1135.0
OY_IL10_N1_080910Run01,H09,het,0.385,0.0047,0.3611,0.2491,0.3851,1151.0
OY_IL10_N1_080910Run01,H10,het,0.597,0.0122,0.2519,0.1391,0.5968,1141.0
OY_IL10_N1_080910Run01,H11,het,0.563,0.1695,0.1868,0.0811,0.5626,1141.0
OY_IL10_N1_080910Run01,H12,het,0.504,0.1361,0.2386,0.1213,0.504,1135.0
OY_IL10_N1_160910Run01,A01,hom2,0.495,0.0068,0.3435,0.4955,0.1542,1144.0
OY_IL10_N1_160910Run01,A02,hom2,0.466,0.01,0.3452,0.466,0.1788,1149.0
OY_IL10_N1_160910Run01,A03,hom1,0.527,0.0048,0.5271,0.3805,0.0877,1157.0
OY_IL10_N1_160910Run01,A04,het,0.48,0.0296,0.3826,0.1074,0.4804,1149.0
OY_IL10_N1_160910Run01,A05,hom1,0.491,0.0104,0.4912,0.3982,0.1002,1141.0
OY_IL10_N1_160910Run01,A06,fail,0.625,0.6251,0.144,0.0705,0.1604,1138.0
OY_IL10_N1_160910Run01,A07,hom2,0.39,0.0024,0.3168,0.39,0.2908,1135.0
OY_IL10_N1_160910Run01,A08,het,0.633,0.0032,0.3092,0.0547,0.6329,1133.0
OY_IL10_N1_160910Run01,A09,hom1,0.45,0.0699,0.4495,0.3497,0.1309,1142.0
OY_IL10_N1_160910Run01,A10,het,0.572,0.1009,0.2122,0.1144,0.5725,1142.0
OY_IL10_N1_160910Run01,A11,het,0.684,0.0103,0.1999,0.1054,0.6844,1142.0
OY_IL10_N1_160910Run01,A12,het,0.628,0.0154,0.2738,0.0833,0.6275,1138.0
OY_IL10_N1_160910Run01,B01,hom2,0.421,0.0246,0.3553,0.4208,0.1994,1130.0
OY_IL10_N1_160910Run01,B02,fail,0.492,0.4925,0.1555,0.0893,0.2627,1137.0
OY_IL10_N1_160910Run01,B03,hom2,0.427,0.0915,0.3371,0.4274,0.144,1147.0
OY_IL10_N1_160910Run01,B04,het,0.493,0.0152,0.3917,0.1002,0.4929,1153.0
OY_IL10_N1_160910Run01,B05,het,0.571,0.0231,0.2748,0.1309,0.5712,1137.0
OY_IL10_N1_160910Run01,B06,het,0.571,0.029,0.2858,0.1143,0.5708,1141.0
OY_IL10_N1_160910Run01,B07,hom1,0.577,0.0223,0.5774,0.2832,0.1171,1135.0
OY_IL10_N1_160910Run01,B08,het,0.677,0.0143,0.2189,0.0895,0.6773,1131.0
OY_IL10_N1_160910Run01,B09,hom1,0.48,0.0274,0.4799,0.3062,0.1865,1155.0
OY_IL10_N1_160910Run01,B10,het,0.666,0.0116,0.175,0.1477,0.6657,1142.0
OY_IL10_N1_160910Run01,B11,hom2,0.36,0.0217,0.3454,0.3605,0.2725,1144.0
OY_IL10_N1_160910Run01,B12,het,0.429,0.0365,0.3475,0.1871,0.4289,1145.0
OY_IL10_N1_160910Run01,C01,hom1,0.36,0.019,0.3603,0.3134,0.3072,1152.0
OY_IL10_N1_160910Run01,C02,hom1,0.403,0.0032,0.4028,0.3576,0.2364,1133.0
OY_IL10_N1_160910Run01,C03,hom1,0.408,0.0251,0.4079,0.25,0.317,1126.0
OY_IL10_N1_160910Run01,C04,het,0.747,0.0075,0.1888,0.0566,0.7471,1147.0
OY_IL10_N1_160910Run01,C05,het,0.355,0.0119,0.3294,0.3034,0.3553,1142.0
OY_IL10_N1_160910Run01,C06,hom2,0.42,0.0032,0.4064,0.4202,0.1701,1142.0
OY_IL10_N1_160910Run01,C07,hom1,0.332,0.0414,0.332,0.3024,0.3242,1135.0
OY_IL10_N1_160910Run01,C08,het,0.634,0.007,0.2632,0.0962,0.6337,1139.0
OY_IL10_N1_160910Run01,C09,het,0.695,0.0267,0.1705,0.1073,0.6954,1138.0
OY_IL10_N1_160910Run01,C10,het,0.478,0.0297,0.3385,0.1535,0.4783,1138.0
OY_IL10_N1_160910Run01,C11,het,0.561,0.0077,0.3251,0.1059,0.5613,1144.0
OY_IL10_N1_160910Run01,C12,het,0.456,0.0341,0.4279,0.0816,0.4564,1154.0
OY_IL10_N1_160910Run01,D01,hom2,0.463,0.0083,0.3973,0.4635,0.131,1145.0
OY_IL10_N1_160910Run01,D02,hom1,0.479,0.0106,0.4795,0.3727,0.1373,1143.0
OY_IL10_N1_160910Run01,D03,hom2,0.524,0.0104,0.3203,0.524,0.1454,1144.0
OY_IL10_N1_160910Run01,D04,hom2,0.554,0.0412,0.3118,0.5539,0.093,1142.0
OY_IL10_N1_160910Run01,D05,hom1,0.468,0.0114,0.4685,0.3989,0.1212,1141.0
OY_IL10_N1_160910Run01,D06,hom2,0.584,0.0108,0.3066,0.5839,0.0987,1140.0
OY_IL10_N1_160910Run01,D07,hom2,0.424,0.0316,0.3709,0.4241,0.1734,1127.0
OY_IL10_N1_160910Run01,D08,hom2,0.53,0.005,0.3641,0.5303,0.1006,1141.0
OY_IL10_N1_160910Run01,D09,hom1,0.448,0.0461,0.4481,0.39,0.1157,1133.0
OY_IL10_N1_160910Run01,D10,het,0.475,0.0163,0.2674,0.2416,0.4747,1141.0
OY_IL10_N1_160910Run01,D11,fail,0.625,0.6252,0.1513,0.0447,0.1788,1143.0
OY_IL10_N1_160910Run01,D12,hom2,0.496,0.0162,0.3497,0.4959,0.1381,1148.0
OY_IL10_N1_160910Run01,E01,het,0.601,0.0803,0.2214,0.0969,0.6014,1142.0
OY_IL10_N1_160910Run01,E02,hom2,0.47,0.0049,0.4034,0.4697,0.122,1147.0
OY_IL10_N1_160910Run01,E03,hom2,0.49,0.0259,0.3465,0.4902,0.1374,1147.0
OY_IL10_N1_160910Run01,E04,het,0.453,0.0221,0.3342,0.1905,0.4532,1154.0
OY_IL10_N1_160910Run01,E05,hom2,0.497,0.0205,0.3844,0.4965,0.0986,1137.0
OY_IL10_N1_160910Run01,E06,hom1,0.411,0.0223,0.4107,0.4087,0.1583,1135.0
OY_IL10_N1_160910Run01,E07,hom2,0.381,0.0343,0.376,0.3815,0.2082,1144.0
OY_IL10_N1_160910Run01,E08,hom2,0.511,0.0177,0.3667,0.5111,0.1044,1151.0
OY_IL10_N1_160910Run01,E09,het,0.379,0.0656,0.3231,0.2327,0.3786,1142.0
OY_IL10_N1_160910Run01,E10,het,0.598,0.0393,0.2135,0.1487,0.5985,1131.0
OY_IL10_N1_160910Run01,E11,hom2,0.49,0.0017,0.3617,0.49,0.1466,1142.0
OY_IL10_N1_160910Run01,E12,hom2,0.635,0.026,0.2514,0.6351,0.0876,1133.0
OY_IL10_N1_160910Run01,F01,hom2,0.546,0.0076,0.3304,0.5457,0.1162,1145.0
OY_IL10_N1_160910Run01,F02,hom1,0.351,0.017,0.3514,0.2983,0.3333,1140.0
OY_IL10_N1_160910Run01,F03,het,0.56,0.0112,0.2567,0.1718,0.5603,1152.0
OY_IL10_N1_160910Run01,F04,het,0.702,0.0097,0.2155,0.0727,0.7021,1143.0
OY_IL10_N1_160910Run01,F05,hom2,0.637,0.0076,0.268,0.6369,0.0875,1139.0
OY_IL10_N1_160910Run01,F06,hom1,0.417,0.0406,0.4166,0.1516,0.3912,1142.0
OY_IL10_N1_160910Run01,F07,het,0.736,0.018,0.1765,0.0691,0.7364,1124.0
OY_IL10_N1_160910Run01,F08,het,0.523,0.0163,0.3204,0.1399,0.5234,1142.0
OY_IL10_N1_160910Run01,F09,het,0.708,0.0129,0.193,0.0864,0.7078,1141.0
OY_IL10_N1_160910Run01,F10,het,0.561,0.0492,0.2596,0.1302,0.561,1141.0
OY_IL10_N1_160910Run01,F11,het,0.567,0.0336,0.307,0.0927,0.5667,1151.0
OY_IL10_N1_160910Run01,F12,het,0.6,0.0027,0.3019,0.0959,0.5995,1136.0
OY_IL10_N1_160910Run01,G01,het,0.571,0.0333,0.3154,0.0805,0.5709,1138.0
OY_IL10_N1_160910Run01,G02,hom1,0.401,0.0323,0.4007,0.366,0.2009,1137.0
OY_IL10_N1_160910Run01,G03,het,0.556,0.0246,0.2742,0.1449,0.5563,1140.0
OY_IL10_N1_160910Run01,G04,het,0.403,0.011,0.3902,0.1955,0.4033,1140.0
OY_IL10_N1_160910Run01,G05,hom2,0.492,0.01,0.3139,0.4917,0.1845,1137.0
OY_IL10_N1_160910Run01,G06,hom1,0.565,0.0137,0.5653,0.1067,0.3144,1140.0
OY_IL10_N1_160910Run01,G07,het,0.434,0.0057,0.3163,0.2438,0.4342,1144.0
OY_IL10_N1_160910Run01,G08,het,0.428,0.0215,0.3284,0.2217,0.4284,1131.0
OY_IL10_N1_160910Run01,G09,het,0.539,0.0138,0.2978,0.1499,0.5386,1135.0
OY_IL10_N1_160910Run01,G10,het,0.392,0.0422,0.3377,0.2282,0.3919,1142.0
OY_IL10_N1_160910Run01,G11,het,0.685,0.0027,0.2308,0.0819,0.6846,1136.0
OY_IL10_N1_160910Run01,G12,hom2,0.394,0.0635,0.3407,0.3943,0.2014,1136.0
OY_IL10_N1_160910Run01,H01,fail,0.496,0.4957,0.1672,0.0611,0.276,1142.0
OY_IL10_N1_160910Run01,H02,fail,0.487,0.4868,0.1899,0.0815,0.2418,1139.0
OY_IL10_N1_160910Run01,H03,het,0.509,0.0239,0.3457,0.1213,0.5091,1138.0
OY_IL10_N1_160910Run01,H04,het,0.61,0.0197,0.2765,0.0936,0.6102,1143.0
OY_IL10_N1_160910Run01,H05,hom2,0.453,0.0166,0.417,0.4528,0.1136,1138.0
OY_IL10_N1_160910Run01,H06,het,0.562,0.0142,0.2676,0.1562,0.562,1149.0
OY_IL10_N1_160910Run01,H07,hom2,0.412,0.0496,0.3526,0.4118,0.186,1123.0
OY_IL10_N1_160910Run01,H08,het,0.714,0.0211,0.1918,0.0726,0.7145,1148.0
OY_IL10_N1_160910Run01,H09,het,0.618,0.023,0.205,0.1535,0.6185,1142.0
OY_IL10_N1_160910Run01,H10,het,0.605,0.028,0.202,0.1651,0.6048,1138.0
OY_IL10_N1_160910Run01,H11,het,0.741,0.0132,0.1596,0.0858,0.7414,1131.0
OY_IL10_N1_160910Run01,H12,het,0.415,0.0163,0.39,0.1791,0.4146,1146.0
OY_IL10_N1_160910Run02,A01,het,0.343,0.0715,0.307,0.2782,0.3432,1143.0
OY_IL10_N1_160910Run02,A02,het,0.692,0.0,0.1926,0.1153,0.6921,1140.0
OY_IL10_N1_160910Run02,A03,hom1,0.389,0.0193,0.3885,0.3532,0.2389,1140.0
OY_IL10_N1_160910Run02,A04,het,0.66,0.0,0.2576,0.0822,0.6601,1137.0
OY_IL10_N1_160910Run02,A05,hom1,0.474,0.0301,0.4742,0.3688,0.1269,1143.0
OY_IL10_N1_160910Run02,A06,fail,0.677,0.6769,0.0977,0.097,0.1285,1140.0
OY_IL10_N1_160910Run02,A07,hom2,0.351,0.0099,0.3159,0.3514,0.3228,1138.0
OY_IL10_N1_160910Run02,A08,het,0.649,0.0152,0.1585,0.1772,0.6491,1140.0
OY_IL10_N1_160910Run02,A09,hom1,0.372,0.1469,0.3717,0.3209,0.1606,1144.0
OY_IL10_N1_160910Run02,A10,hom1,0.453,0.0424,0.4528,0.2967,0.2081,1145.0
OY_IL10_N1_160910Run02,A11,het,0.667,0.0112,0.2558,0.0656,0.6674,1140.0
OY_IL10_N1_160910Run02,A12,het,0.643,0.0341,0.2593,0.0638,0.6428,1138.0
OY_IL10_N1_160910Run02,B01,het,0.645,0.0223,0.2088,0.1239,0.6451,1141.0
OY_IL10_N1_160910Run02,B02,fail,0.669,0.669,0.1002,0.0861,0.1447,1144.0
OY_IL10_N1_160910Run02,B03,het,0.597,0.0308,0.2422,0.1305,0.5965,1142.0
OY_IL10_N1_160910Run02,B04,het,0.491,0.0272,0.2952,0.1863,0.4913,1144.0
OY_IL10_N1_160910Run02,B05,hom1,0.414,0.0151,0.4138,0.2418,0.3292,1138.0
OY_IL10_N1_160910Run02,B06,het,0.669,0.0658,0.1492,0.1164,0.6686,1143.0
OY_IL10_N1_160910Run02,B07,het,0.453,0.0205,0.3236,0.2028,0.4531,1139.0
OY_IL10_N1_160910Run02,B08,het,0.606,0.0,0.1933,0.201,0.6057,1143.0
OY_IL10_N1_160910Run02,B09,hom1,0.419,0.0081,0.4195,0.1979,0.3745,1144.0
OY_IL10_N1_160910Run02,B10,het,0.612,0.0072,0.252,0.1289,0.6119,1141.0
OY_IL10_N1_160910Run02,B11,het,0.39,0.0153,0.3121,0.2822,0.3904,1144.0
OY_IL10_N1_160910Run02,B12,hom1,0.451,0.0742,0.4511,0.0861,0.3887,1144.0
OY_IL10_N1_160910Run02,C01,het,0.705,0.0079,0.177,0.11,0.705,1137.0
OY_IL10_N1_160910Run02,C02,het,0.78,0.0019,0.1503,0.0682,0.7796,1133.0
OY_IL10_N1_160910Run02,C03,hom1,0.377,0.0283,0.3769,0.3089,0.2859,1136.0
OY_IL10_N1_160910Run02,C04,het,0.561,0.033,0.2679,0.1382,0.5609,1137.0
OY_IL10_N1_160910Run02,C05,het,0.446,0.0075,0.3265,0.2205,0.4455,1136.0
OY_IL10_N1_160910Run02,C06,hom2,0.447,0.013,0.4188,0.4466,0.1215,1139.0
OY_IL10_N1_160910Run02,C07,het,0.411,0.0234,0.2939,0.2714,0.4114,1147.0
OY_IL10_N1_160910Run02,C08,het,0.518,0.013,0.254,0.2148,0.5182,1140.0
OY_IL10_N1_160910Run02,C09,het,0.732,0.0167,0.1652,0.086,0.7322,1135.0
OY_IL10_N1_160910Run02,C10,het,0.843,0.0045,0.0912,0.0618,0.8425,1140.0
OY_IL10_N1_160910Run02,C11,het,0.673,0.0079,0.2321,0.0865,0.6735,1143.0
OY_IL10_N1_160910Run02,C12,het,0.561,0.0299,0.3138,0.095,0.5612,1143.0
OY_IL10_N1_160910Run02,D01,hom1,0.41,0.0871,0.4095,0.403,0.1004,1143.0
OY_IL10_N1_160910Run02,D02,hom2,0.488,0.0196,0.3953,0.4884,0.0967,1138.0
OY_IL10_N1_160910Run02,D03,hom2,0.469,0.034,0.3494,0.4686,0.148,1138.0
OY_IL10_N1_160910Run02,D04,hom2,0.461,0.0625,0.3524,0.4611,0.124,1139.0
OY_IL10_N1_160910Run02,D05,hom1,0.432,0.1097,0.4317,0.3598,0.0988,1130.0
OY_IL10_N1_160910Run02,D06,hom2,0.503,0.0284,0.3462,0.5029,0.1225,1138.0
OY_IL10_N1_160910Run02,D07,hom1,0.471,0.0094,0.4713,0.423,0.0964,1142.0
OY_IL10_N1_160910Run02,D08,hom1,0.464,0.0151,0.4637,0.4194,0.1017,1138.0
OY_IL10_N1_160910Run02,D09,hom1,0.455,0.0284,0.4554,0.4419,0.0742,1139.0
OY_IL10_N1_160910Run02,D10,het,0.552,0.0126,0.3084,0.1266,0.5523,1138.0
OY_IL10_N1_160910Run02,D11,fail,0.721,0.7214,0.0937,0.0667,0.1182,1137.0
OY_IL10_N1_160910Run02,D12,hom2,0.494,0.0436,0.3325,0.4935,0.1304,1139.0
OY_IL10_N1_160910Run02,E01,hom1,0.341,0.0155,0.3411,0.3291,0.3143,1141.0
OY_IL10_N1_160910Run02,E02,hom2,0.484,0.0127,0.4096,0.4843,0.0933,1143.0
OY_IL10_N1_160910Run02,E03,hom2,0.426,0.039,0.4068,0.4263,0.128,1144.0
OY_IL10_N1_160910Run02,E04,hom2,0.49,0.0627,0.324,0.49,0.1232,1145.0
OY_IL10_N1_160910Run02,E05,hom1,0.393,0.0874,0.3934,0.3842,0.135,1143.0
OY_IL10_N1_160910Run02,E06,hom1,0.42,0.0734,0.4204,0.3637,0.1424,1142.0
OY_IL10_N1_160910Run02,E07,hom1,0.588,0.03,0.5884,0.2951,0.0866,1132.0
OY_IL10_N1_160910Run02,E08,hom1,0.58,0.0259,0.5804,0.2878,0.1059,1137.0
OY_IL10_N1_160910Run02,E09,hom1,0.489,0.0664,0.4895,0.3127,0.1313,1142.0
OY_IL10_N1_160910Run02,E10,het,0.475,0.128,0.2765,0.1207,0.4748,1138.0
OY_IL10_N1_160910Run02,E11,hom2,0.584,0.0223,0.2934,0.5842,0.1001,1140.0
